1577837174.135477066 -0.26304 0.00237 -0.30294 0.02678 -0.05303 0.00142 0.99823
1577837174.145477057 -0.26304 0.00237 -0.30294 0.02678 -0.05303 0.00142 0.99823
1577837174.155477047 -0.26304 0.00237 -0.30294 0.02678 -0.05303 0.00142 0.99823
1577837174.165477037 -0.26304 0.00237 -0.30294 0.02678 -0.05303 0.00142 0.99823
1577837174.175477028 -0.26306 0.00236 -0.30278 0.02678 -0.05303 0.00142 0.99823
1577837174.185477018 -0.26322 0.00223 -0.30167 0.02677 -0.05300 0.00143 0.99823
1577837174.195477009 -0.26363 0.00189 -0.29865 0.02672 -0.05292 0.00145 0.99824
1577837174.205476999 -0.26438 0.00127 -0.29321 0.02664 -0.05277 0.00149 0.99825
1577837174.215476990 -0.26524 0.00047 -0.28652 0.02655 -0.05261 0.00153 0.99826
1577837174.225476980 -0.26597 -0.00038 -0.28021 0.02647 -0.05246 0.00159 0.99827
1577837174.235476971 -0.26634 -0.00114 -0.27555 0.02641 -0.05237 0.00164 0.99828
1577837174.245476961 -0.26643 -0.00185 -0.27249 0.02638 -0.05234 0.00170 0.99828
1577837174.255476952 -0.26637 -0.00252 -0.27068 0.02636 -0.05233 0.00176 0.99828
1577837174.265477180 -0.26628 -0.00319 -0.26979 0.02635 -0.05234 0.00182 0.99828
1577837174.275477171 -0.26617 -0.00387 -0.26976 0.02634 -0.05235 0.00189 0.99828
1577837174.285477161 -0.26605 -0.00456 -0.27060 0.02631 -0.05236 0.00196 0.99828
1577837174.295477152 -0.26594 -0.00521 -0.27228 0.02628 -0.05237 0.00204 0.99828
1577837174.305477142 -0.26587 -0.00548 -0.27464 0.02626 -0.05238 0.00209 0.99828
1577837174.315477133 -0.26589 -0.00498 -0.27752 0.02629 -0.05241 0.00207 0.99828
1577837174.325477123 -0.26602 -0.00348 -0.28064 0.02640 -0.05244 0.00195 0.99827
1577837174.335477114 -0.26626 -0.00148 -0.28334 0.02655 -0.05249 0.00178 0.99827
1577837174.345477104 -0.26657 0.00033 -0.28486 0.02670 -0.05252 0.00163 0.99826
1577837174.355477095 -0.26692 0.00144 -0.28468 0.02681 -0.05253 0.00153 0.99826
1577837174.365477085 -0.26731 0.00198 -0.28318 0.02690 -0.05253 0.00149 0.99826
1577837174.375477076 -0.26772 0.00225 -0.28100 0.02696 -0.05251 0.00148 0.99826
1577837174.385477066 -0.26815 0.00248 -0.27869 0.02703 -0.05248 0.00147 0.99825
1577837174.395477057 -0.26859 0.00273 -0.27663 0.02710 -0.05244 0.00146 0.99826
1577837174.405477047 -0.26902 0.00297 -0.27515 0.02717 -0.05241 0.00146 0.99825
1577837174.415477037 -0.26938 0.00319 -0.27463 0.02723 -0.05239 0.00146 0.99825
1577837174.425477028 -0.26941 0.00329 -0.27569 0.02723 -0.05241 0.00146 0.99825
1577837174.435477018 -0.26880 0.00318 -0.27902 0.02711 -0.05249 0.00144 0.99825
1577837174.445477009 -0.26736 0.00281 -0.28482 0.02686 -0.05262 0.00140 0.99825
1577837174.455476999 -0.26554 0.00233 -0.29143 0.02655 -0.05279 0.00136 0.99825
1577837174.465476990 -0.26393 0.00198 -0.29669 0.02629 -0.05292 0.00131 0.99825
1577837174.475476980 -0.26296 0.00191 -0.29901 0.02615 -0.05301 0.00129 0.99825
1577837174.485476971 -0.26251 0.00208 -0.29893 0.02609 -0.05304 0.00127 0.99825
1577837174.495476961 -0.26230 0.00237 -0.29755 0.02607 -0.05305 0.00125 0.99825
1577837174.505476952 -0.26211 0.00270 -0.29585 0.02602 -0.05306 0.00122 0.99825
1577837174.515477180 -0.26191 0.00304 -0.29431 0.02597 -0.05306 0.00119 0.99825
1577837174.525477171 -0.26170 0.00339 -0.29329 0.02592 -0.05306 0.00117 0.99825
1577837174.535477161 -0.26154 0.00376 -0.29287 0.02591 -0.05306 0.00116 0.99825
1577837174.545477152 -0.26171 0.00414 -0.29208 0.02594 -0.05303 0.00116 0.99826
1577837174.555477142 -0.26252 0.00455 -0.28963 0.02604 -0.05294 0.00116 0.99826
1577837174.565477133 -0.26413 0.00499 -0.28478 0.02620 -0.05279 0.00116 0.99826
1577837174.575477123 -0.26606 0.00543 -0.27884 0.02639 -0.05263 0.00116 0.99826
1577837174.585477114 -0.26763 0.00583 -0.27359 0.02655 -0.05250 0.00117 0.99827
1577837174.595477104 -0.26835 0.00616 -0.27044 0.02665 -0.05245 0.00118 0.99827
1577837174.605477095 -0.26836 0.00642 -0.26912 0.02671 -0.05247 0.00120 0.99826
1577837174.615477085 -0.26798 0.00666 -0.26894 0.02675 -0.05250 0.00122 0.99826
1577837174.625477076 -0.26747 0.00690 -0.26936 0.02679 -0.05253 0.00123 0.99826
1577837174.635477066 -0.26689 0.00714 -0.27039 0.02683 -0.05256 0.00125 0.99826
1577837174.645477057 -0.26628 0.00739 -0.27215 0.02687 -0.05259 0.00126 0.99825
1577837174.655477047 -0.26565 0.00756 -0.27475 0.02690 -0.05265 0.00128 0.99825
1577837174.665477037 -0.26501 0.00738 -0.27806 0.02689 -0.05271 0.00130 0.99825
1577837174.675477028 -0.26439 0.00648 -0.28189 0.02680 -0.05277 0.00133 0.99825
1577837174.685477018 -0.26380 0.00468 -0.28596 0.02661 -0.05282 0.00138 0.99825
1577837174.695477009 -0.26328 0.00250 -0.28958 0.02638 -0.05286 0.00142 0.99825
1577837174.705476999 -0.26289 0.00065 -0.29196 0.02620 -0.05290 0.00145 0.99826
1577837174.715476990 -0.26266 -0.00036 -0.29254 0.02613 -0.05293 0.00146 0.99826
1577837174.725476980 -0.26255 -0.00068 -0.29174 0.02615 -0.05295 0.00147 0.99825
1577837174.735476971 -0.26249 -0.00066 -0.29021 0.02618 -0.05296 0.00148 0.99825
1577837174.745476961 -0.26243 -0.00060 -0.28856 0.02620 -0.05296 0.00151 0.99825
1577837174.755476952 -0.26237 -0.00053 -0.28715 0.02620 -0.05295 0.00153 0.99825
1577837174.765477180 -0.26229 -0.00043 -0.28630 0.02622 -0.05294 0.00153 0.99825
1577837174.775477171 -0.26222 -0.00028 -0.28626 0.02628 -0.05293 0.00149 0.99825
1577837174.785477161 -0.26227 -0.00003 -0.28706 0.02637 -0.05293 0.00142 0.99825
1577837174.795477152 -0.26253 0.00037 -0.28868 0.02647 -0.05292 0.00136 0.99825
1577837174.805477142 -0.26309 0.00094 -0.29098 0.02656 -0.05292 0.00133 0.99824
1577837174.815477133 -0.26373 0.00155 -0.29338 0.02663 -0.05292 0.00132 0.99824
1577837174.825477123 -0.26422 0.00208 -0.29521 0.02669 -0.05294 0.00132 0.99824
1577837174.835477114 -0.26437 0.00241 -0.29596 0.02672 -0.05297 0.00133 0.99824
1577837174.845477104 -0.26423 0.00259 -0.29586 0.02674 -0.05302 0.00134 0.99823
1577837174.855477095 -0.26391 0.00274 -0.29533 0.02675 -0.05306 0.00136 0.99823
1577837174.865477085 -0.26351 0.00294 -0.29478 0.02674 -0.05309 0.00137 0.99823
1577837174.875477076 -0.26307 0.00317 -0.29450 0.02674 -0.05311 0.00137 0.99823
1577837174.885477066 -0.26260 0.00342 -0.29479 0.02674 -0.05314 0.00139 0.99823
1577837174.895477057 -0.26214 0.00368 -0.29565 0.02674 -0.05319 0.00140 0.99823
1577837174.905477047 -0.26194 0.00404 -0.29582 0.02674 -0.05321 0.00141 0.99822
1577837174.915477037 -0.26228 0.00459 -0.29377 0.02672 -0.05315 0.00139 0.99823
1577837174.925477028 -0.26330 0.00537 -0.28859 0.02668 -0.05299 0.00135 0.99824
1577837174.935477018 -0.26462 0.00631 -0.28187 0.02663 -0.05279 0.00129 0.99825
1577837174.945477009 -0.26572 0.00725 -0.27585 0.02661 -0.05262 0.00122 0.99826
1577837174.955476999 -0.26620 0.00811 -0.27225 0.02664 -0.05255 0.00118 0.99826
1577837174.965476990 -0.26617 0.00889 -0.27083 0.02671 -0.05254 0.00116 0.99826
1577837174.975476980 -0.26585 0.00961 -0.27085 0.02680 -0.05258 0.00114 0.99826
1577837174.985476971 -0.26542 0.01031 -0.27169 0.02689 -0.05263 0.00113 0.99825
1577837174.995476961 -0.26494 0.01101 -0.27327 0.02698 -0.05268 0.00112 0.99825
1577837175.005476952 -0.26444 0.01170 -0.27564 0.02707 -0.05273 0.00110 0.99824
1577837175.015477180 -0.26395 0.01227 -0.27877 0.02716 -0.05278 0.00109 0.99824
1577837175.025477171 -0.26361 0.01210 -0.28230 0.02719 -0.05281 0.00110 0.99823
1577837175.035477161 -0.26359 0.01043 -0.28583 0.02710 -0.05283 0.00115 0.99823
1577837175.045477152 -0.26399 0.00686 -0.28895 0.02685 -0.05284 0.00127 0.99824
1577837175.055477142 -0.26460 0.00233 -0.29132 0.02652 -0.05283 0.00142 0.99825
1577837175.065477133 -0.26517 -0.00189 -0.29261 0.02620 -0.05283 0.00156 0.99826
1577837175.075477123 -0.26549 -0.00482 -0.29263 0.02597 -0.05284 0.00165 0.99826
1577837175.085477114 -0.26561 -0.00671 -0.29169 0.02581 -0.05286 0.00171 0.99827
1577837175.095477104 -0.26560 -0.00813 -0.29024 0.02568 -0.05287 0.00177 0.99827
1577837175.105477095 -0.26556 -0.00954 -0.28871 0.02553 -0.05287 0.00184 0.99827
1577837175.115477085 -0.26549 -0.01099 -0.28743 0.02538 -0.05286 0.00192 0.99828
1577837175.125477076 -0.26538 -0.01245 -0.28668 0.02523 -0.05287 0.00200 0.99828
1577837175.135477066 -0.26527 -0.01378 -0.28656 0.02510 -0.05289 0.00205 0.99828
1577837175.145477057 -0.26528 -0.01439 -0.28620 0.02505 -0.05290 0.00206 0.99828
1577837175.155477047 -0.26554 -0.01359 -0.28452 0.02512 -0.05288 0.00202 0.99828
1577837175.165477037 -0.26613 -0.01101 -0.28087 0.02535 -0.05279 0.00193 0.99828
1577837175.175477028 -0.26685 -0.00754 -0.27630 0.02566 -0.05269 0.00182 0.99828
1577837175.185477018 -0.26745 -0.00442 -0.27230 0.02595 -0.05260 0.00172 0.99828
1577837175.195477009 -0.26773 -0.00258 -0.27003 0.02615 -0.05258 0.00167 0.99827
1577837175.205476999 -0.26772 -0.00179 -0.26932 0.02628 -0.05260 0.00166 0.99827
1577837175.215476990 -0.26755 -0.00150 -0.26970 0.02636 -0.05264 0.00168 0.99826
1577837175.225476980 -0.26730 -0.00129 -0.27075 0.02644 -0.05267 0.00169 0.99826
1577837175.235476971 -0.26701 -0.00108 -0.27248 0.02653 -0.05269 0.00171 0.99826
1577837175.245476961 -0.26669 -0.00086 -0.27494 0.02661 -0.05272 0.00174 0.99825
1577837175.255476952 -0.26634 -0.00066 -0.27818 0.02669 -0.05275 0.00176 0.99825
1577837175.265477180 -0.26595 -0.00057 -0.28194 0.02672 -0.05279 0.00177 0.99825
1577837175.275477171 -0.26547 -0.00068 -0.28593 0.02668 -0.05283 0.00175 0.99825
1577837175.285477161 -0.26491 -0.00105 -0.28981 0.02653 -0.05287 0.00171 0.99825
1577837175.295477152 -0.26436 -0.00153 -0.29300 0.02634 -0.05291 0.00164 0.99825
1577837175.305477142 -0.26392 -0.00196 -0.29491 0.02617 -0.05295 0.00158 0.99825
1577837175.315477133 -0.26367 -0.00220 -0.29512 0.02610 -0.05297 0.00155 0.99825
1577837175.325477123 -0.26357 -0.00230 -0.29402 0.02608 -0.05299 0.00153 0.99825
1577837175.335477114 -0.26352 -0.00236 -0.29220 0.02609 -0.05299 0.00152 0.99825
1577837175.345477104 -0.26346 -0.00244 -0.29018 0.02609 -0.05298 0.00153 0.99825
1577837175.355477095 -0.26338 -0.00256 -0.28835 0.02608 -0.05298 0.00153 0.99825
1577837175.365477085 -0.26326 -0.00269 -0.28702 0.02608 -0.05297 0.00154 0.99825
1577837175.375477076 -0.26313 -0.00273 -0.28644 0.02608 -0.05298 0.00153 0.99825
1577837175.385477066 -0.26301 -0.00230 -0.28658 0.02611 -0.05297 0.00152 0.99825
1577837175.395477057 -0.26296 -0.00093 -0.28731 0.02616 -0.05296 0.00148 0.99825
1577837175.405477047 -0.26299 0.00162 -0.28846 0.02624 -0.05291 0.00142 0.99825
1577837175.415477037 -0.26303 0.00473 -0.28966 0.02633 -0.05286 0.00136 0.99825
1577837175.425477028 -0.26302 0.00753 -0.29047 0.02641 -0.05283 0.00130 0.99825
1577837175.435477018 -0.26287 0.00937 -0.29057 0.02646 -0.05284 0.00125 0.99825
1577837175.445477009 -0.26261 0.01041 -0.29014 0.02650 -0.05287 0.00122 0.99825
1577837175.455476999 -0.26227 0.01101 -0.28948 0.02652 -0.05290 0.00120 0.99825
1577837175.465476990 -0.26188 0.01148 -0.28887 0.02652 -0.05293 0.00119 0.99825
1577837175.475476980 -0.26146 0.01190 -0.28857 0.02653 -0.05296 0.00118 0.99824
1577837175.485476971 -0.26100 0.01230 -0.28885 0.02653 -0.05299 0.00117 0.99824
1577837175.495476961 -0.26058 0.01262 -0.28964 0.02654 -0.05303 0.00116 0.99824
1577837175.505476952 -0.26053 0.01247 -0.28969 0.02653 -0.05303 0.00115 0.99824
1577837175.515477180 -0.26128 0.01137 -0.28744 0.02648 -0.05296 0.00117 0.99824
1577837175.525477171 -0.26302 0.00908 -0.28197 0.02639 -0.05278 0.00121 0.99826
1577837175.535477161 -0.26524 0.00625 -0.27492 0.02628 -0.05257 0.00126 0.99827
1577837175.545477152 -0.26719 0.00377 -0.26856 0.02621 -0.05238 0.00131 0.99828
1577837175.555477142 -0.26834 0.00231 -0.26468 0.02621 -0.05230 0.00135 0.99829
1577837175.565477133 -0.26882 0.00167 -0.26302 0.02627 -0.05230 0.00138 0.99828
1577837175.575477123 -0.26894 0.00143 -0.26282 0.02635 -0.05234 0.00141 0.99828
1577837175.585477114 -0.26897 0.00126 -0.26345 0.02643 -0.05238 0.00144 0.99828
1577837175.595477104 -0.26896 0.00109 -0.26480 0.02651 -0.05242 0.00147 0.99827
1577837175.605477095 -0.26892 0.00091 -0.26690 0.02658 -0.05246 0.00150 0.99827
1577837175.615477085 -0.26884 0.00069 -0.26980 0.02665 -0.05251 0.00153 0.99826
1577837175.625477076 -0.26862 0.00027 -0.27353 0.02668 -0.05256 0.00156 0.99826
1577837175.635477066 -0.26816 -0.00053 -0.27816 0.02666 -0.05262 0.00160 0.99826
1577837175.645477057 -0.26741 -0.00183 -0.28353 0.02655 -0.05269 0.00164 0.99826
1577837175.655477047 -0.26657 -0.00335 -0.28863 0.02640 -0.05276 0.00168 0.99826
1577837175.665477037 -0.26590 -0.00473 -0.29225 0.02629 -0.05282 0.00170 0.99826
1577837175.675477028 -0.26559 -0.00569 -0.29351 0.02623 -0.05286 0.00169 0.99826
1577837175.685477018 -0.26557 -0.00635 -0.29293 0.02622 -0.05288 0.00170 0.99826
1577837175.695477009 -0.26570 -0.00691 -0.29136 0.02620 -0.05286 0.00176 0.99826
1577837175.705476999 -0.26586 -0.00753 -0.28959 0.02613 -0.05281 0.00192 0.99826
1577837175.715476990 -0.26601 -0.00819 -0.28800 0.02604 -0.05274 0.00211 0.99827
1577837175.725476980 -0.26613 -0.00882 -0.28692 0.02598 -0.05269 0.00226 0.99827
1577837175.735476971 -0.26623 -0.00929 -0.28639 0.02596 -0.05266 0.00232 0.99827
1577837175.745476961 -0.26651 -0.00909 -0.28552 0.02601 -0.05264 0.00227 0.99827
1577837175.755476952 -0.26718 -0.00768 -0.28316 0.02612 -0.05257 0.00213 0.99827
1577837175.765477180 -0.26836 -0.00475 -0.27863 0.02629 -0.05244 0.00192 0.99828
1577837175.775477171 -0.26973 -0.00109 -0.27306 0.02649 -0.05228 0.00168 0.99828
1577837175.785477161 -0.27088 0.00224 -0.26805 0.02668 -0.05215 0.00149 0.99828
1577837175.795477152 -0.27150 0.00444 -0.26484 0.02685 -0.05209 0.00139 0.99828
1577837175.805477142 -0.27165 0.00573 -0.26321 0.02698 -0.05208 0.00135 0.99828
1577837175.815477133 -0.27154 0.00657 -0.26263 0.02710 -0.05209 0.00135 0.99827
1577837175.825477123 -0.27131 0.00736 -0.26262 0.02722 -0.05209 0.00135 0.99827
1577837175.835477114 -0.27101 0.00817 -0.26320 0.02733 -0.05210 0.00134 0.99827
1577837175.845477104 -0.27066 0.00898 -0.26445 0.02745 -0.05211 0.00134 0.99826
1577837175.855477095 -0.27027 0.00974 -0.26638 0.02756 -0.05214 0.00133 0.99826
1577837175.865477085 -0.26985 0.01023 -0.26853 0.02761 -0.05217 0.00132 0.99826
1577837175.875477076 -0.26939 0.01017 -0.27033 0.02754 -0.05222 0.00131 0.99825
1577837175.885477066 -0.26891 0.00942 -0.27136 0.02733 -0.05227 0.00129 0.99826
1577837175.895477057 -0.26839 0.00836 -0.27186 0.02706 -0.05233 0.00126 0.99826
1577837175.905477047 -0.26784 0.00749 -0.27220 0.02683 -0.05240 0.00124 0.99826
1577837175.915477037 -0.26725 0.00718 -0.27274 0.02674 -0.05248 0.00123 0.99826
1577837175.925477028 -0.26662 0.00732 -0.27364 0.02675 -0.05258 0.00123 0.99826
1577837175.935477018 -0.26594 0.00769 -0.27504 0.02681 -0.05268 0.00122 0.99825
1577837175.945477009 -0.26521 0.00808 -0.27707 0.02689 -0.05277 0.00122 0.99824
1577837175.955476999 -0.26441 0.00847 -0.27977 0.02696 -0.05286 0.00122 0.99824
1577837175.965476990 -0.26358 0.00885 -0.28320 0.02703 -0.05297 0.00121 0.99823
1577837175.975476980 -0.26275 0.00922 -0.28723 0.02709 -0.05309 0.00120 0.99822
1577837175.985476971 -0.26219 0.00951 -0.29109 0.02715 -0.05318 0.00118 0.99822
1577837175.995476961 -0.26221 0.00964 -0.29385 0.02721 -0.05319 0.00118 0.99821
1577837176.005476952 -0.26298 0.00957 -0.29485 0.02725 -0.05310 0.00119 0.99822
1577837176.015477180 -0.26412 0.00932 -0.29454 0.02729 -0.05296 0.00121 0.99822
1577837176.025477171 -0.26512 0.00896 -0.29362 0.02731 -0.05284 0.00125 0.99823
1577837176.035477161 -0.26558 0.00854 -0.29270 0.02733 -0.05279 0.00128 0.99823
1577837176.045477152 -0.26560 0.00807 -0.29185 0.02734 -0.05278 0.00132 0.99823
1577837176.055477142 -0.26538 0.00754 -0.29103 0.02736 -0.05278 0.00135 0.99823
1577837176.065477133 -0.26510 0.00696 -0.29025 0.02736 -0.05275 0.00137 0.99823
1577837176.075477123 -0.26479 0.00633 -0.28971 0.02737 -0.05272 0.00138 0.99823
1577837176.085477114 -0.26442 0.00567 -0.28969 0.02737 -0.05271 0.00141 0.99823
1577837176.095477104 -0.26401 0.00504 -0.29022 0.02737 -0.05274 0.00143 0.99823
1577837176.105477095 -0.26366 0.00469 -0.29042 0.02734 -0.05278 0.00145 0.99823
1577837176.115477085 -0.26350 0.00489 -0.28923 0.02727 -0.05280 0.00144 0.99823
1577837176.125477076 -0.26360 0.00581 -0.28597 0.02716 -0.05276 0.00138 0.99824
1577837176.135477066 -0.26381 0.00714 -0.28178 0.02704 -0.05270 0.00130 0.99824
1577837176.145477057 -0.26393 0.00844 -0.27822 0.02695 -0.05266 0.00123 0.99825
1577837176.155477047 -0.26380 0.00939 -0.27650 0.02692 -0.05266 0.00118 0.99825
1577837176.165477037 -0.26345 0.01002 -0.27647 0.02694 -0.05269 0.00117 0.99825
1577837176.175477028 -0.26297 0.01051 -0.27760 0.02698 -0.05275 0.00116 0.99824
1577837176.185477018 -0.26242 0.01097 -0.27948 0.02704 -0.05281 0.00115 0.99824
1577837176.195477009 -0.26184 0.01143 -0.28205 0.02709 -0.05287 0.00114 0.99823
1577837176.205476999 -0.26121 0.01188 -0.28532 0.02714 -0.05293 0.00113 0.99823
1577837176.215476990 -0.26059 0.01224 -0.28920 0.02718 -0.05298 0.00113 0.99822
1577837176.225476980 -0.26016 0.01208 -0.29310 0.02719 -0.05303 0.00114 0.99822
1577837176.235476971 -0.26015 0.01088 -0.29632 0.02712 -0.05305 0.00119 0.99822
1577837176.245476961 -0.26069 0.00837 -0.29833 0.02697 -0.05305 0.00127 0.99823
1577837176.255476952 -0.26150 0.00521 -0.29929 0.02676 -0.05304 0.00136 0.99823
1577837176.265477180 -0.26223 0.00227 -0.29953 0.02657 -0.05304 0.00146 0.99824
1577837176.275477171 -0.26259 0.00024 -0.29938 0.02642 -0.05305 0.00154 0.99824
1577837176.285477161 -0.26265 -0.00105 -0.29898 0.02632 -0.05308 0.00159 0.99824
1577837176.295477152 -0.26253 -0.00199 -0.29848 0.02624 -0.05313 0.00163 0.99824
1577837176.305477142 -0.26235 -0.00288 -0.29804 0.02617 -0.05318 0.00164 0.99824
1577837176.315477133 -0.26214 -0.00380 -0.29787 0.02610 -0.05324 0.00166 0.99824
1577837176.325477123 -0.26189 -0.00474 -0.29820 0.02603 -0.05329 0.00168 0.99824
1577837176.335477114 -0.26165 -0.00563 -0.29896 0.02595 -0.05332 0.00172 0.99824
1577837176.345477104 -0.26159 -0.00603 -0.29893 0.02590 -0.05331 0.00176 0.99824
1577837176.355477095 -0.26191 -0.00544 -0.29658 0.02591 -0.05322 0.00175 0.99825
1577837176.365477085 -0.26272 -0.00359 -0.29105 0.02600 -0.05304 0.00168 0.99825
1577837176.375477076 -0.26371 -0.00113 -0.28409 0.02614 -0.05283 0.00158 0.99826
1577837176.385477066 -0.26449 0.00104 -0.27808 0.02629 -0.05266 0.00149 0.99827
1577837176.395477057 -0.26475 0.00224 -0.27488 0.02639 -0.05259 0.00144 0.99827
1577837176.405477047 -0.26458 0.00266 -0.27413 0.02647 -0.05259 0.00144 0.99826
1577837176.415477037 -0.26415 0.00268 -0.27491 0.02654 -0.05264 0.00145 0.99826
1577837176.425477028 -0.26362 0.00263 -0.27646 0.02660 -0.05269 0.00147 0.99826
1577837176.435477018 -0.26303 0.00256 -0.27866 0.02666 -0.05275 0.00149 0.99825
1577837176.445477009 -0.26239 0.00248 -0.28154 0.02672 -0.05281 0.00151 0.99825
1577837176.455476999 -0.26175 0.00236 -0.28501 0.02677 -0.05287 0.00152 0.99824
1577837176.465476990 -0.26123 0.00194 -0.28854 0.02676 -0.05292 0.00154 0.99824
1577837176.475476980 -0.26102 0.00096 -0.29147 0.02666 -0.05296 0.00156 0.99824
1577837176.485476971 -0.26122 -0.00075 -0.29331 0.02644 -0.05296 0.00159 0.99825
1577837176.495476961 -0.26165 -0.00288 -0.29415 0.02615 -0.05296 0.00163 0.99825
1577837176.505476952 -0.26204 -0.00497 -0.29430 0.02587 -0.05296 0.00167 0.99826
1577837176.515477180 -0.26220 -0.00670 -0.29398 0.02568 -0.05298 0.00172 0.99826
1577837176.525477171 -0.26217 -0.00814 -0.29339 0.02554 -0.05302 0.00177 0.99827
1577837176.535477161 -0.26203 -0.00946 -0.29267 0.02542 -0.05306 0.00183 0.99827
1577837176.545477152 -0.26184 -0.01081 -0.29199 0.02529 -0.05310 0.00189 0.99827
1577837176.555477142 -0.26162 -0.01220 -0.29158 0.02517 -0.05313 0.00195 0.99827
1577837176.565477133 -0.26136 -0.01360 -0.29165 0.02505 -0.05317 0.00201 0.99827
1577837176.575477123 -0.26110 -0.01484 -0.29215 0.02495 -0.05322 0.00206 0.99827
1577837176.585477114 -0.26108 -0.01513 -0.29191 0.02494 -0.05322 0.00208 0.99827
1577837176.595477104 -0.26161 -0.01352 -0.28943 0.02505 -0.05313 0.00202 0.99827
1577837176.605477095 -0.26284 -0.00952 -0.28390 0.02533 -0.05293 0.00187 0.99828
1577837176.615477085 -0.26435 -0.00435 -0.27696 0.02568 -0.05268 0.00167 0.99828
1577837176.625477076 -0.26560 0.00029 -0.27091 0.02600 -0.05248 0.00150 0.99828
1577837176.635477066 -0.26618 0.00312 -0.26753 0.02621 -0.05240 0.00140 0.99828
1577837176.645477057 -0.26620 0.00447 -0.26649 0.02632 -0.05240 0.00135 0.99828
1577837176.655477047 -0.26592 0.00508 -0.26691 0.02638 -0.05244 0.00133 0.99827
1577837176.665477037 -0.26555 0.00557 -0.26811 0.02643 -0.05249 0.00132 0.99827
1577837176.675477028 -0.26513 0.00604 -0.26994 0.02647 -0.05253 0.00131 0.99827
1577837176.685477018 -0.26465 0.00651 -0.27244 0.02651 -0.05257 0.00130 0.99826
1577837176.695477009 -0.26416 0.00689 -0.27555 0.02654 -0.05262 0.00129 0.99826
1577837176.705476999 -0.26374 0.00677 -0.27889 0.02653 -0.05267 0.00129 0.99826
1577837176.715476990 -0.26354 0.00568 -0.28200 0.02642 -0.05271 0.00131 0.99826
1577837176.725476980 -0.26363 0.00336 -0.28450 0.02619 -0.05274 0.00136 0.99826
1577837176.735476971 -0.26389 0.00051 -0.28625 0.02591 -0.05276 0.00141 0.99827
1577837176.745476961 -0.26416 -0.00192 -0.28719 0.02569 -0.05279 0.00145 0.99827
1577837176.755476952 -0.26428 -0.00322 -0.28730 0.02559 -0.05281 0.00146 0.99828
1577837176.765477180 -0.26428 -0.00363 -0.28685 0.02559 -0.05284 0.00146 0.99827
1577837176.775477171 -0.26419 -0.00360 -0.28618 0.02563 -0.05287 0.00146 0.99827
1577837176.785477161 -0.26406 -0.00350 -0.28559 0.02567 -0.05291 0.00148 0.99827
1577837176.795477152 -0.26389 -0.00340 -0.28530 0.02571 -0.05296 0.00151 0.99826
1577837176.805477142 -0.26368 -0.00332 -0.28551 0.02574 -0.05300 0.00153 0.99826
1577837176.815477133 -0.26346 -0.00321 -0.28624 0.02577 -0.05303 0.00154 0.99826
1577837176.825477123 -0.26342 -0.00297 -0.28697 0.02580 -0.05304 0.00154 0.99826
1577837176.835477114 -0.26375 -0.00247 -0.28697 0.02584 -0.05299 0.00153 0.99826
1577837176.845477104 -0.26457 -0.00164 -0.28579 0.02588 -0.05289 0.00152 0.99826
1577837176.855477095 -0.26562 -0.00068 -0.28391 0.02594 -0.05275 0.00151 0.99827
1577837176.865477085 -0.26652 0.00014 -0.28204 0.02599 -0.05265 0.00150 0.99827
1577837176.875477076 -0.26700 0.00063 -0.28076 0.02605 -0.05261 0.00149 0.99827
1577837176.885477066 -0.26712 0.00082 -0.28002 0.02609 -0.05261 0.00148 0.99827
1577837176.895477057 -0.26703 0.00083 -0.27967 0.02613 -0.05263 0.00150 0.99827
1577837176.905477047 -0.26687 0.00077 -0.27958 0.02616 -0.05264 0.00155 0.99827
1577837176.915477037 -0.26665 0.00067 -0.27985 0.02618 -0.05264 0.00160 0.99827
1577837176.925477028 -0.26638 0.00056 -0.28065 0.02621 -0.05265 0.00165 0.99827
1577837176.935477018 -0.26610 0.00046 -0.28193 0.02624 -0.05266 0.00167 0.99827
1577837176.945477009 -0.26599 0.00037 -0.28283 0.02627 -0.05267 0.00167 0.99827
1577837176.955476999 -0.26630 0.00031 -0.28228 0.02628 -0.05264 0.00163 0.99827
1577837176.965476990 -0.26715 0.00025 -0.27963 0.02626 -0.05256 0.00157 0.99827
1577837176.975476980 -0.26822 0.00019 -0.27588 0.02623 -0.05246 0.00151 0.99828
1577837176.985476971 -0.26911 0.00007 -0.27245 0.02621 -0.05239 0.00146 0.99828
1577837176.995476961 -0.26951 -0.00013 -0.27045 0.02621 -0.05238 0.00144 0.99828
1577837177.005476952 -0.26949 -0.00039 -0.26978 0.02622 -0.05242 0.00145 0.99828
1577837177.015477180 -0.26922 -0.00070 -0.27002 0.02624 -0.05247 0.00147 0.99828
1577837177.025477171 -0.26884 -0.00104 -0.27083 0.02626 -0.05254 0.00150 0.99827
1577837177.035477161 -0.26840 -0.00139 -0.27219 0.02628 -0.05260 0.00153 0.99827
1577837177.045477152 -0.26790 -0.00174 -0.27416 0.02630 -0.05266 0.00156 0.99826
1577837177.055477142 -0.26733 -0.00203 -0.27678 0.02634 -0.05273 0.00158 0.99826
1577837177.065477133 -0.26662 -0.00194 -0.27998 0.02638 -0.05279 0.00158 0.99826
1577837177.075477123 -0.26568 -0.00109 -0.28370 0.02644 -0.05284 0.00154 0.99825
1577837177.085477114 -0.26447 0.00072 -0.28775 0.02650 -0.05287 0.00146 0.99825
1577837177.095477104 -0.26321 0.00302 -0.29152 0.02657 -0.05288 0.00137 0.99825
1577837177.105477095 -0.26216 0.00513 -0.29428 0.02664 -0.05290 0.00129 0.99824
1577837177.115477085 -0.26154 0.00658 -0.29553 0.02670 -0.05292 0.00124 0.99824
1577837177.125477076 -0.26125 0.00747 -0.29563 0.02675 -0.05293 0.00121 0.99824
1577837177.135477066 -0.26115 0.00810 -0.29518 0.02679 -0.05294 0.00120 0.99824
1577837177.145477057 -0.26109 0.00870 -0.29469 0.02682 -0.05294 0.00118 0.99824
1577837177.155477047 -0.26102 0.00931 -0.29444 0.02685 -0.05292 0.00116 0.99824
1577837177.165477037 -0.26092 0.00993 -0.29464 0.02689 -0.05292 0.00113 0.99824
1577837177.175477028 -0.26082 0.01049 -0.29525 0.02694 -0.05292 0.00112 0.99823
1577837177.185477018 -0.26089 0.01073 -0.29521 0.02697 -0.05291 0.00111 0.99823
1577837177.195477009 -0.26138 0.01032 -0.29321 0.02694 -0.05287 0.00110 0.99824
1577837177.205476999 -0.26242 0.00908 -0.28849 0.02683 -0.05278 0.00111 0.99825
1577837177.215476990 -0.26365 0.00744 -0.28259 0.02668 -0.05267 0.00112 0.99826
1577837177.225476980 -0.26460 0.00597 -0.27762 0.02652 -0.05259 0.00113 0.99826
1577837177.235476971 -0.26493 0.00513 -0.27519 0.02641 -0.05259 0.00114 0.99827
1577837177.245476961 -0.26474 0.00478 -0.27498 0.02634 -0.05264 0.00114 0.99827
1577837177.255476952 -0.26425 0.00469 -0.27618 0.02629 -0.05273 0.00114 0.99826
1577837177.265477180 -0.26366 0.00463 -0.27810 0.02624 -0.05283 0.00115 0.99826
1577837177.275477171 -0.26301 0.00456 -0.28062 0.02620 -0.05293 0.00115 0.99825
1577837177.285477161 -0.26231 0.00449 -0.28377 0.02615 -0.05303 0.00116 0.99825
1577837177.295477152 -0.26159 0.00440 -0.28739 0.02612 -0.05313 0.00117 0.99825
1577837177.305477142 -0.26104 0.00422 -0.29077 0.02610 -0.05320 0.00118 0.99824
1577837177.315477133 -0.26084 0.00390 -0.29302 0.02612 -0.05321 0.00121 0.99824
1577837177.325477123 -0.26112 0.00339 -0.29355 0.02620 -0.05316 0.00126 0.99824
1577837177.335477114 -0.26170 0.00284 -0.29281 0.02630 -0.05307 0.00131 0.99824
1577837177.345477104 -0.26227 0.00245 -0.29150 0.02640 -0.05298 0.00136 0.99825
1577837177.355477095 -0.26264 0.00237 -0.29022 0.02648 -0.05293 0.00140 0.99825
1577837177.365477085 -0.26282 0.00252 -0.28905 0.02654 -0.05290 0.00143 0.99825
1577837177.375477076 -0.26292 0.00280 -0.28795 0.02658 -0.05288 0.00147 0.99825
1577837177.385477066 -0.26301 0.00311 -0.28691 0.02661 -0.05285 0.00152 0.99825
1577837177.395477057 -0.26309 0.00342 -0.28610 0.02664 -0.05282 0.00158 0.99825
1577837177.405477047 -0.26313 0.00376 -0.28573 0.02668 -0.05280 0.00162 0.99825
1577837177.415477037 -0.26314 0.00409 -0.28583 0.02672 -0.05279 0.00163 0.99825
1577837177.425477028 -0.26329 0.00431 -0.28568 0.02676 -0.05277 0.00161 0.99825
1577837177.435477018 -0.26377 0.00431 -0.28435 0.02676 -0.05272 0.00156 0.99825
1577837177.445477009 -0.26468 0.00399 -0.28133 0.02671 -0.05264 0.00150 0.99826
1577837177.455476999 -0.26574 0.00348 -0.27759 0.02664 -0.05254 0.00143 0.99826
1577837177.465476990 -0.26660 0.00296 -0.27451 0.02657 -0.05247 0.00138 0.99827
1577837177.475476980 -0.26696 0.00255 -0.27312 0.02655 -0.05247 0.00136 0.99827
1577837177.485476971 -0.26693 0.00224 -0.27326 0.02655 -0.05251 0.00136 0.99827
1577837177.495476961 -0.26665 0.00197 -0.27443 0.02655 -0.05257 0.00138 0.99826
1577837177.505476952 -0.26627 0.00169 -0.27621 0.02655 -0.05264 0.00140 0.99826
1577837177.515477180 -0.26583 0.00139 -0.27856 0.02655 -0.05269 0.00143 0.99826
1577837177.525477171 -0.26533 0.00108 -0.28150 0.02655 -0.05275 0.00145 0.99825
1577837177.535477161 -0.26481 0.00079 -0.28492 0.02656 -0.05281 0.00147 0.99825
1577837177.545477152 -0.26436 0.00053 -0.28817 0.02657 -0.05286 0.00148 0.99825
1577837177.555477142 -0.26412 0.00036 -0.29045 0.02656 -0.05288 0.00149 0.99825
1577837177.565477133 -0.26416 0.00029 -0.29120 0.02652 -0.05287 0.00148 0.99825
1577837177.575477123 -0.26435 0.00033 -0.29083 0.02648 -0.05284 0.00147 0.99825
1577837177.585477114 -0.26448 0.00048 -0.29000 0.02644 -0.05283 0.00145 0.99825
1577837177.595477104 -0.26441 0.00070 -0.28924 0.02641 -0.05283 0.00143 0.99825
1577837177.605477095 -0.26417 0.00100 -0.28862 0.02640 -0.05286 0.00141 0.99825
1577837177.615477085 -0.26381 0.00135 -0.28808 0.02640 -0.05289 0.00139 0.99825
1577837177.625477076 -0.26338 0.00172 -0.28762 0.02639 -0.05292 0.00139 0.99825
1577837177.635477066 -0.26290 0.00212 -0.28739 0.02639 -0.05295 0.00139 0.99825
1577837177.645477057 -0.26237 0.00251 -0.28759 0.02638 -0.05298 0.00138 0.99825
1577837177.655477047 -0.26183 0.00291 -0.28822 0.02637 -0.05301 0.00137 0.99824
1577837177.665477037 -0.26159 0.00328 -0.28851 0.02636 -0.05302 0.00135 0.99824
1577837177.675477028 -0.26199 0.00363 -0.28746 0.02637 -0.05297 0.00133 0.99825
1577837177.685477018 -0.26322 0.00394 -0.28451 0.02639 -0.05284 0.00131 0.99825
1577837177.695477009 -0.26482 0.00424 -0.28066 0.02642 -0.05269 0.00130 0.99826
1577837177.705476999 -0.26619 0.00457 -0.27736 0.02646 -0.05257 0.00128 0.99827
1577837177.715476990 -0.26686 0.00496 -0.27568 0.02650 -0.05254 0.00126 0.99827
1577837177.725476980 -0.26694 0.00539 -0.27545 0.02654 -0.05257 0.00123 0.99826
1577837177.735476971 -0.26671 0.00585 -0.27614 0.02658 -0.05262 0.00120 0.99826
1577837177.745476961 -0.26637 0.00632 -0.27733 0.02662 -0.05266 0.00117 0.99826
1577837177.755476952 -0.26599 0.00679 -0.27899 0.02667 -0.05270 0.00114 0.99825
1577837177.765477180 -0.26554 0.00726 -0.28120 0.02671 -0.05274 0.00111 0.99825
1577837177.775477171 -0.26505 0.00769 -0.28389 0.02676 -0.05280 0.00109 0.99825
1577837177.785477161 -0.26463 0.00797 -0.28636 0.02678 -0.05285 0.00108 0.99824
1577837177.795477152 -0.26441 0.00797 -0.28778 0.02677 -0.05287 0.00110 0.99824
1577837177.805477142 -0.26447 0.00762 -0.28760 0.02672 -0.05284 0.00112 0.99825
1577837177.815477133 -0.26468 0.00712 -0.28644 0.02665 -0.05279 0.00116 0.99825
1577837177.825477123 -0.26485 0.00670 -0.28519 0.02660 -0.05275 0.00119 0.99825
1577837177.835477114 -0.26484 0.00656 -0.28457 0.02660 -0.05277 0.00122 0.99825
1577837177.845477104 -0.26466 0.00664 -0.28457 0.02662 -0.05283 0.00124 0.99825
1577837177.855477095 -0.26437 0.00683 -0.28500 0.02667 -0.05290 0.00125 0.99824
1577837177.865477085 -0.26403 0.00702 -0.28573 0.02672 -0.05296 0.00126 0.99824
1577837177.875477076 -0.26363 0.00719 -0.28683 0.02677 -0.05303 0.00127 0.99823
1577837177.885477066 -0.26318 0.00736 -0.28841 0.02681 -0.05309 0.00127 0.99823
1577837177.895477057 -0.26273 0.00747 -0.29035 0.02685 -0.05315 0.00128 0.99822
1577837177.905477047 -0.26254 0.00727 -0.29148 0.02684 -0.05318 0.00129 0.99822
1577837177.915477037 -0.26294 0.00648 -0.29036 0.02676 -0.05313 0.00130 0.99823
1577837177.925477028 -0.26409 0.00491 -0.28618 0.02658 -0.05298 0.00131 0.99824
1577837177.935477018 -0.26557 0.00296 -0.28049 0.02635 -0.05279 0.00133 0.99826
1577837177.945477009 -0.26681 0.00111 -0.27545 0.02615 -0.05264 0.00136 0.99827
1577837177.955476999 -0.26738 -0.00024 -0.27274 0.02602 -0.05257 0.00138 0.99828
1577837177.965476990 -0.26738 -0.00118 -0.27206 0.02594 -0.05258 0.00140 0.99828
1577837177.975476980 -0.26706 -0.00194 -0.27265 0.02589 -0.05263 0.00143 0.99828
1577837177.985476971 -0.26662 -0.00268 -0.27385 0.02583 -0.05269 0.00146 0.99828
1577837177.995476961 -0.26611 -0.00345 -0.27556 0.02577 -0.05275 0.00150 0.99827
1577837178.005476952 -0.26555 -0.00422 -0.27782 0.02570 -0.05282 0.00153 0.99827
1577837178.015477180 -0.26493 -0.00494 -0.28062 0.02564 -0.05289 0.00157 0.99827
1577837178.025477171 -0.26425 -0.00526 -0.28377 0.02559 -0.05295 0.00159 0.99827
1577837178.035477161 -0.26352 -0.00476 -0.28704 0.02559 -0.05301 0.00157 0.99826
1577837178.045477152 -0.26274 -0.00321 -0.29019 0.02564 -0.05305 0.00150 0.99826
1577837178.055477142 -0.26197 -0.00117 -0.29292 0.02572 -0.05308 0.00141 0.99826
1577837178.065477133 -0.26128 0.00064 -0.29495 0.02578 -0.05313 0.00133 0.99825
1577837178.075477123 -0.26071 0.00166 -0.29606 0.02580 -0.05318 0.00130 0.99825
1577837178.085477114 -0.26024 0.00205 -0.29653 0.02578 -0.05325 0.00129 0.99825
1577837178.095477104 -0.25981 0.00212 -0.29671 0.02574 -0.05332 0.00130 0.99824
1577837178.105477095 -0.25937 0.00216 -0.29693 0.02570 -0.05337 0.00130 0.99824
1577837178.115477085 -0.25889 0.00220 -0.29739 0.02565 -0.05343 0.00130 0.99824
1577837178.125477076 -0.25837 0.00224 -0.29828 0.02561 -0.05349 0.00130 0.99824
1577837178.135477066 -0.25780 0.00228 -0.29972 0.02556 -0.05356 0.00129 0.99824
1577837178.145477057 -0.25716 0.00231 -0.30175 0.02553 -0.05365 0.00128 0.99823
1577837178.155477047 -0.25647 0.00234 -0.30434 0.02550 -0.05374 0.00127 0.99823
1577837178.165477037 -0.25573 0.00236 -0.30748 0.02547 -0.05382 0.00127 0.99822
1577837178.175477028 -0.25495 0.00238 -0.31116 0.02544 -0.05390 0.00126 0.99822
1577837178.185477018 -0.25412 0.00238 -0.31540 0.02542 -0.05397 0.00127 0.99822
1577837178.195477009 -0.25324 0.00238 -0.32019 0.02539 -0.05404 0.00128 0.99822
1577837178.205476999 -0.25232 0.00236 -0.32554 0.02537 -0.05409 0.00128 0.99821
1577837178.215476990 -0.25134 0.00235 -0.33145 0.02535 -0.05416 0.00129 0.99821
1577837178.225476980 -0.25031 0.00234 -0.33793 0.02534 -0.05424 0.00129 0.99821
1577837178.235476971 -0.24922 0.00231 -0.34496 0.02531 -0.05431 0.00128 0.99820
