1706352273.664318562 -0.29567 -0.01800 -0.27060 -0.01046 0.00370 0.00004 0.99994
1706352273.674318552 -0.29567 -0.01800 -0.27060 -0.01046 0.00370 0.00004 0.99994
1706352273.684318542 -0.29567 -0.01800 -0.27060 -0.01046 0.00370 0.00004 0.99994
1706352273.694318533 -0.29567 -0.01800 -0.27060 -0.01046 0.00370 0.00004 0.99994
1706352273.704318523 -0.37104 -0.00140 -0.27585 -0.01046 0.00370 0.00004 0.99994
1706352273.714318514 -0.89869 0.11481 -0.31258 -0.01046 0.00369 0.00005 0.99994
1706352273.724318504 -2.33087 0.43023 -0.41229 -0.01045 0.00368 0.00007 0.99994
1706352273.734318495 -4.86779 1.01155 -0.58565 -0.01044 0.00366 0.00011 0.99994
1706352273.744318485 -7.70135 1.79383 -0.76014 -0.01042 0.00362 0.00015 0.99994
1706352273.754318476 -9.77141 2.67920 -0.84239 -0.01039 0.00357 0.00020 0.99994
1706352273.764318466 -10.27233 3.53545 -0.77016 -0.01034 0.00350 0.00023 0.99994
1706352273.774318457 -9.41665 4.09292 -0.60549 -0.01016 0.00341 0.00025 0.99994
1706352273.784318447 -7.67143 4.04760 -0.44150 -0.00972 0.00330 0.00027 0.99995
1706352273.794318676 -5.49610 3.23034 -0.35320 -0.00840 -0.00155 0.00023 0.99996
1706352273.804318666 -3.31896 2.01147 -0.34236 -0.00375 -0.03482 -0.00028 0.99939
1706352273.814318657 -1.55499 0.89683 -0.38601 0.00719 -0.12463 -0.00180 0.99218
1706352273.824318647 -0.49975 0.27424 -0.43760 0.02504 -0.27764 -0.00448 0.96035
1706352273.834318638 -0.02794 0.05400 -0.44897 0.04174 -0.42371 -0.00700 0.90481
1706352273.844318628 0.07752 0.02637 -0.44004 0.04825 -0.48674 -0.00804 0.87217
1706352273.854318619 -0.15396 -0.02111 -0.44953 0.03945 -0.42333 -0.00692 0.90509
1706352273.864318609 -1.48333 -0.31825 -0.45693 0.02107 -0.27685 -0.00429 0.96067
1706352273.874318600 -4.85907 -1.09792 -0.46105 0.00265 -0.12354 -0.00142 0.99233
1706352273.884318590 -10.57480 -2.43498 -0.51190 -0.00757 -0.03365 0.00039 0.99940
1706352273.894318581 -16.25016 -3.76735 -0.58911 -0.01083 -0.00047 0.00118 0.99994
1706352273.904318571 -18.82192 -4.37214 -0.63142 -0.01080 0.00421 0.00137 0.99993
1706352273.914318562 -16.24718 -3.76730 -0.59090 -0.01058 0.00409 0.00116 0.99994
1706352273.924318552 -10.58639 -2.43682 -0.49858 -0.01109 0.00373 0.00016 0.99993
1706352273.934318542 -4.92603 -1.10616 -0.40540 -0.01277 0.00290 -0.00221 0.99991
1706352273.944318533 -1.66669 -0.33966 -0.35104 -0.01570 0.00154 -0.00606 0.99986
1706352273.954318523 -0.46549 -0.05691 -0.33013 -0.01860 0.00019 -0.00983 0.99978
1706352273.964318514 -0.29368 -0.01633 -0.32604 -0.01990 -0.00042 -0.01151 0.99974
1706352273.974318504 -0.24996 -4.59168 0.06044 -0.01852 0.00015 -0.00979 0.99978
1706352273.984318495 0.05723 -36.61811 2.75885 -0.01554 0.00145 -0.00603 0.99986
1706352273.994318485 0.89202 -123.54610 10.08133 -0.01259 0.00275 -0.00230 0.99991
1706352274.004318476 2.35830 -274.36044 22.09838 -0.01092 0.00351 -0.00020 0.99993
1706352274.014318466 3.91904 -424.18302 29.91399 -0.01034 0.00380 0.00053 0.99994
1706352274.024318457 4.87700 -489.67004 22.39051 -0.01030 0.00384 0.00061 0.99994
1706352274.034318447 4.72512 -415.74691 -4.88179 -0.01035 0.00385 0.00062 0.99994
1706352274.044318676 3.71711 -260.41581 -29.40101 -0.01038 0.00385 0.00067 0.99994
1706352274.054318666 2.29686 -109.94812 -21.93735 -0.01038 0.00383 0.00073 0.99994
1706352274.064318657 0.87495 -30.69495 34.53956 -0.01036 0.00381 0.00077 0.99994
1706352274.074318647 -0.27137 -9.32627 108.26248 -0.01034 0.00379 0.00080 0.99994
1706352274.084318638 -0.89815 -12.59178 155.26469 -0.01036 0.00380 0.00083 0.99994
1706352274.094318628 -0.86610 -13.41672 144.44339 -0.01042 0.00385 0.00088 0.99994
1706352274.104318619 -0.45453 -9.42860 96.15114 -0.01049 0.00391 0.00095 0.99994
1706352274.114318609 -0.04739 -4.43047 43.60439 -0.01048 0.00394 0.00107 0.99994
1706352274.124318600 0.05918 -1.43661 12.87575 -0.01036 0.00393 0.00122 0.99994
1706352274.134318590 -0.07975 -0.30608 1.46254 -0.01019 0.00390 0.00137 0.99994
1706352274.144318581 -0.32131 -0.10917 -0.28178 -0.01009 0.00388 0.00146 0.99994
1706352274.154318571 -0.54134 -0.07158 -0.38314 -0.01436 0.00437 -0.00313 0.99988
1706352274.164318562 -0.69054 -0.04052 -0.38514 -0.04412 0.00784 -0.03517 0.99838
1706352274.174318552 -0.73722 -0.01709 -0.21169 -0.12411 0.01711 -0.12151 0.98465
1706352274.184318542 -0.66290 0.00068 0.16103 -0.25809 0.03251 -0.26658 0.92805
1706352274.194318533 -0.51854 0.01174 0.56177 -0.38104 0.04651 -0.40034 0.83209
1706352274.204318523 -0.38484 0.01177 0.78183 -0.43183 0.05219 -0.45589 0.77651
1706352274.214318514 -0.32579 0.00071 0.68121 -0.38092 0.04630 -0.40051 0.83207
1706352274.224318504 -0.31591 -0.02046 0.37200 -0.25789 0.03214 -0.26691 0.92802
1706352274.234318495 -0.31303 -0.04662 0.03493 -0.12391 0.01666 -0.12195 0.98445
1706352274.244318485 -0.29563 -0.07462 -0.17782 -0.04403 0.00742 -0.03574 0.99818
1706352274.254318476 -0.27573 -0.09879 -0.27351 -0.01437 0.00401 -0.00376 0.99970
1706352274.264318466 -0.26959 -0.10900 -0.30271 -0.01012 0.00354 0.00084 0.99994
1706352274.274318457 -0.28688 -0.09763 -0.30965 -0.01008 0.00353 0.00087 0.99994
1706352274.284318447 -0.31512 -0.07307 -0.30977 -0.01004 0.00351 0.00090 0.99994
1706352274.294318676 -0.33637 -0.04776 -0.31128 -0.00998 0.00351 0.00093 0.99994
1706352274.304318666 -0.33786 -0.02583 -0.32001 -0.00997 0.00377 -0.00870 0.99991
1706352274.314318657 -0.32462 0.02182 -0.33229 -0.01034 0.00529 -0.07616 0.99703
1706352274.324318647 -0.28122 0.12837 -0.34239 -0.01127 0.00915 -0.25665 0.96639
1706352274.334318638 -0.13912 0.26486 -0.34732 -0.01150 0.01469 -0.55429 0.83211
1706352274.344318628 0.08674 0.28183 -0.35030 -0.00842 0.01499 -0.82644 0.56276
1706352274.354318619 0.24114 0.16295 -0.35268 -0.00543 0.00249 -0.96327 0.26845
1706352274.364318609 0.28204 0.05868 -0.35407 -0.00627 -0.02280 -0.99453 0.10171
1706352274.374318600 0.28197 0.04479 -0.35614 -0.00784 -0.05188 -0.99303 0.10558
1706352274.384318590 -0.29283 -0.01159 -0.34992 -0.00061 -0.00470 -0.06140 0.01780
1706352274.394318581 -0.29492 -0.01124 -0.34200 -0.00085 -0.00467 -0.05240 0.03661
1706352274.404318571 -0.30771 -0.01210 -0.26989 -0.00099 -0.00319 -0.03501 0.05359
1706352274.414318562 -0.33979 -0.00937 -0.06815 -0.00287 -0.00447 -0.05370 0.20581
1706352274.424318552 -0.40607 -0.00370 0.25710 -0.00243 -0.00077 -0.01591 0.21216
1706352274.434318542 -0.50922 0.08926 0.40262 -0.00224 0.00060 -0.00178 0.21275
1706352274.444318533 -0.65865 0.34910 -0.00452 -0.01037 0.00371 0.00115 0.99994
1706352274.454318523 -0.84996 -3.95183 6.10565 -0.00982 0.00389 0.00184 0.99994
1706352274.464318514 -1.05624 -36.85940 55.61083 -0.00617 0.00527 0.00632 0.99995
1706352274.474318504 -1.24163 -127.23854 192.83637 0.00367 0.00899 0.01837 0.99978
1706352274.484318495 -1.37221 -284.79314 432.82404 0.02075 0.01545 0.03922 0.99890
1706352274.494318485 -1.42243 -442.58242 673.48139 0.03781 0.02189 0.06003 0.99724
1706352274.504318476 -1.36912 -514.50408 783.43256 0.04556 0.02481 0.06948 0.99623
1706352274.514318466 -1.20210 -443.13366 675.02296 0.03784 0.02190 0.06006 0.99724
1706352274.524318457 -0.96236 -285.75879 435.48274 0.02079 0.01547 0.03931 0.99889
1706352274.534318447 -0.70384 -128.34493 195.76333 0.00369 0.00903 0.01858 0.99978
1706352274.544318676 -0.47214 -37.75133 57.72580 -0.00622 0.00534 0.00674 0.99994
1706352274.554318666 -0.27822 -4.41365 6.86923 -0.00992 0.00399 0.00247 0.99994
1706352274.564318657 -0.12420 0.33818 -0.39784 -0.01047 0.00380 0.00193 0.99994
1706352274.574318647 -0.01339 0.38456 -0.40120 -0.01041 0.00379 0.00190 0.99994
1706352274.584318638 0.04629 0.44744 -0.40377 -0.01032 0.00376 0.00178 0.99994
1706352274.594318628 0.04575 0.45914 -0.40282 -0.01026 0.00374 0.00164 0.99994
1706352274.604318619 -0.01661 0.37370 -0.39706 -0.01028 0.00373 0.00151 0.99994
1706352274.614318609 -0.11232 0.23203 -0.39122 -0.01035 0.00371 0.00142 0.99994
1706352274.624318600 -0.20539 0.09674 -0.39152 -0.01040 0.00368 0.00137 0.99994
1706352274.634318590 -0.26717 0.01643 -0.40113 -0.01038 0.00361 0.00137 0.99994
1706352274.644318581 -0.29829 -0.01645 -0.41097 -0.01032 0.00353 0.00140 0.99994
1706352274.654318571 -0.30671 -0.02345 -0.40894 -0.01027 0.00347 0.00144 0.99994
1706352274.664318562 -0.30063 -0.02290 -0.38763 -0.01024 0.00345 0.00145 0.99994
1706352274.674318552 -0.28922 -0.02009 -0.35850 -0.01023 0.00345 0.00148 0.99994
1706352274.684318542 -0.28195 -0.01704 -0.33772 -0.01022 0.00345 0.00155 0.99994
1706352274.694318533 -0.28551 -0.01533 -0.33686 -0.01017 0.00349 0.00165 0.99994
1706352274.704318523 -0.29572 -0.01464 -0.34905 -0.00992 0.00374 0.00159 0.99994
1706352274.714318514 -0.30565 -0.01419 -0.36280 -0.00928 0.00444 0.00118 0.99995
1706352274.724318504 -0.30998 -0.01340 -0.36914 -0.00818 0.00567 0.00030 0.99995
1706352274.734318495 -0.30977 -0.01262 -0.36920 -0.00708 0.00690 -0.00062 0.99995
1706352274.744318485 -0.30768 -0.01239 -0.36660 -0.00657 0.00746 -0.00103 0.99995
1706352274.754318476 -0.30239 -0.01926 -0.36774 -0.01248 0.00097 0.00466 0.99991
1706352274.764318466 -0.27364 -0.06352 -0.38675 -0.05154 -0.04170 0.04212 0.99691
1706352274.774318457 -0.17659 -0.17496 -0.41219 -0.15406 -0.15387 0.14063 0.96582
1706352274.784318447 0.03128 -0.31127 -0.35550 -0.31681 -0.33299 0.29762 0.83676
1706352274.794318676 0.22119 -0.33617 -0.20117 -0.44771 -0.47853 0.42467 0.62468
1706352274.804318666 0.28272 -0.30918 -0.13314 -0.49312 -0.52958 0.46904 0.50634
1706352274.814318657 0.22892 -0.34408 -0.26739 -0.44784 -0.47843 0.42465 0.62468
1706352274.824318647 0.05932 -0.32235 -0.46709 -0.31721 -0.33302 0.29774 0.83656
1706352274.834318638 -0.22384 -0.01907 -0.48421 -0.01659 -0.01654 0.01512 0.10328
1706352274.844318628 -0.15301 0.00215 -0.43472 -0.00574 -0.00468 0.00469 0.10661
1706352274.854318619 -0.07309 0.02110 -0.35964 -0.00167 -0.00026 0.00079 0.10696
1706352274.864318609 -0.01757 0.01767 -0.29067 -0.01011 0.00344 0.00223 0.99994
1706352274.874318600 -0.01332 -0.01074 -0.27758 -0.01006 0.00342 0.00226 0.99994
1706352274.884318590 -0.08826 -0.09813 -0.40878 -0.01001 0.00344 0.00229 0.99994
1706352274.894318581 -0.26745 -0.27454 -0.78645 -0.00998 0.00345 0.00235 0.99994
1706352274.904318571 -0.53675 -0.53681 -1.43193 -0.00997 0.00345 0.00245 0.99994
1706352274.914318562 -0.72543 -0.74886 -2.04321 -0.00997 0.00345 0.00258 0.99994
1706352274.924318552 -0.62356 -0.74140 -2.23743 -0.00998 0.00345 0.00268 0.99994
1706352274.934318542 -0.10908 -0.44078 -1.79839 -0.01001 0.00348 0.00274 0.99994
1706352274.944318533 0.58869 -0.15592 -1.17659 -0.01003 0.00352 0.00277 0.99994
1706352274.954318523 1.15259 -0.29138 -0.98922 -0.01003 0.00354 0.00279 0.99994
1706352274.964318514 1.34070 -1.08082 -1.63095 -0.01002 0.00354 0.00281 0.99994
1706352274.974318504 1.21213 -2.07425 -2.60648 -0.00999 0.00353 0.00285 0.99994
1706352274.984318495 0.90120 -2.65078 -3.19802 -0.00997 0.00354 0.00287 0.99994
1706352274.994318485 0.53092 -2.37647 -2.89626 -0.00991 0.00360 0.00290 0.99994
1706352275.004318476 0.17893 -1.56527 -2.02579 -0.00950 0.00372 0.00296 0.99994
1706352275.014318466 -0.08845 -0.71806 -1.11968 -0.00839 0.00391 0.00311 0.99995
1706352275.024318457 -0.22446 -0.22646 -0.59462 -0.00644 0.00415 0.00338 0.99996
1706352275.034318447 -0.26043 -0.04499 -0.40181 -0.00449 0.00437 0.00366 0.99997
1706352275.044318676 -0.24723 -0.01889 -0.37609 -0.00359 0.00444 0.00381 0.99998
1706352275.054318666 -0.22989 -0.02649 -0.37460 -0.01402 0.00428 0.00341 0.99989
1706352275.064318657 -0.23016 -0.07819 -0.34085 -0.08282 0.00380 0.00100 0.99656
1706352275.074318647 -0.26468 -0.21067 -0.21841 -0.26350 0.00290 -0.00522 0.96464
1706352275.084318638 -0.34183 -0.38958 0.06166 -0.55094 0.00146 -0.01526 0.83441
1706352275.094318628 -0.42861 -0.47306 0.37593 -0.78301 -0.00004 -0.02373 0.62155
1706352275.104318619 -0.47913 -0.47732 0.50755 -0.86385 -0.00079 -0.02688 0.50303
1706352275.114318609 -0.46274 -0.47265 0.35624 -0.78297 -0.00025 -0.02391 0.62159
1706352275.124318600 -0.40414 -0.38885 0.02513 -0.55114 0.00108 -0.01564 0.83426
1706352275.134318590 -0.34113 -0.07720 -0.31105 -0.02123 0.00019 -0.00047 0.07734
1706352275.144318581 -0.30762 -0.03350 -0.40098 -0.00690 0.00024 0.00001 0.07991
1706352275.154318571 -0.29538 -0.02070 -0.42659 -0.00153 0.00026 0.00019 0.08019
1706352275.164318562 -0.29553 -0.03309 -0.41576 -0.00952 0.00331 0.00270 0.99995
1706352275.174318552 -0.29577 -0.04571 -0.39892 -0.00954 0.00327 0.00267 0.99995
1706352275.184318542 -0.29593 -0.05762 -0.38382 -0.00985 0.00303 0.00224 0.99994
1706352275.194318533 -0.29587 -0.06209 -0.37646 -0.01075 0.00240 0.00095 0.99994
1706352275.204318523 -0.29535 -0.05703 -0.38062 -0.01268 0.00129 0.00219 0.99992
1706352275.214318514 -0.29348 -0.05875 -0.39114 -0.01667 0.00006 0.02456 0.99956
1706352275.224318504 -0.28561 -0.08769 -0.40021 -0.02392 -0.00071 0.09039 0.99562
1706352275.234318495 -0.25559 -0.15708 -0.40098 -0.03453 -0.00064 0.21852 0.97522
1706352275.244318485 -0.17325 -0.25091 -0.39348 -0.04459 0.00059 0.41278 0.90974
1706352275.254318476 -0.01132 -0.31285 -0.38230 -0.04796 0.00489 0.65603 0.75319
1706352275.264318466 0.19678 -0.24740 -0.37901 -0.03857 0.01332 0.88712 0.45973
1706352275.274318457 0.30582 -0.02817 -0.39181 -0.01903 0.02219 0.99830 0.05047
1706352275.284318447 0.20897 0.20311 -0.41086 0.00066 0.02479 0.92588 -0.37700
1706352275.294318676 7.13223 13.08670 2.54074 0.01153 0.01913 0.70132 -0.71249
1706352275.304318666 56.95637 102.63682 23.26755 0.01392 0.00984 0.42107 -0.90687
1706352275.314318657 192.61165 345.78544 79.52647 -0.01231 -0.00241 -0.18562 0.98101
1706352275.324318647 507.72009 790.87758 176.34754 -0.01086 0.00155 -0.05339 0.99700
1706352275.334318638 1299.07890 1371.91922 267.83892 -0.01026 0.00299 -0.00427 0.99843
1706352275.344318628 2914.31539 1994.32598 295.37762 -0.01017 0.00318 0.00280 0.99994
1706352275.354318619 5429.43579 2557.33711 245.31785 -0.01016 0.00315 0.00284 0.99994
1706352275.364318609 7833.90943 2935.49391 283.92325 -0.01015 0.00314 0.00286 0.99994
1706352275.374318600 8845.57103 2997.16323 622.43480 -0.01014 0.00316 0.00290 0.99994
1706352275.384318590 7617.93624 2665.00768 1360.31156 -0.01014 0.00323 0.00293 0.99994
1706352275.394318581 5047.24449 2078.87299 2149.88495 -0.01014 0.00332 0.00297 0.99994
1706352275.404318571 2465.41616 1432.90066 2531.70451 -0.01013 0.00340 0.00300 0.99994
1706352275.414318562 912.01271 888.97870 2194.68646 -0.01014 0.00344 0.00297 0.99994
1706352275.424318552 257.15990 479.98119 1421.21399 -0.01039 0.00349 0.00275 0.99994
1706352275.434318542 78.62461 206.52872 642.03700 -0.01113 0.00363 0.00217 0.99993
1706352275.444318533 21.55194 61.62521 192.51657 -0.01244 0.00387 0.00119 0.99991
1706352275.454318523 0.60006 7.80790 26.45857 -0.01375 0.00413 0.00022 0.99990
1706352275.464318514 -2.19458 -0.00263 2.28005 -0.01433 0.00425 -0.00020 0.99989
1706352275.474318504 -1.87461 0.52912 2.12871 -0.01370 0.00413 0.00029 0.99990
1706352275.484318495 -1.79871 1.39843 3.07489 -0.01236 0.00389 0.00133 0.99992
1706352275.494318485 -2.40464 2.01547 5.91959 -0.01107 0.00366 0.00236 0.99993
1706352275.504318476 -3.87052 1.67597 11.79610 -0.01040 0.00355 0.00297 0.99994
1706352275.514318466 -5.33603 -0.78220 23.16697 -0.01014 0.00350 0.00327 0.99994
1706352275.524318457 -5.68121 -6.63567 42.82701 -0.00988 0.00344 0.00349 0.99994
1706352275.534318447 -4.42264 -15.95450 71.13208 -0.00935 0.00330 0.00380 0.99994
1706352275.544318676 -3.62279 -23.98252 98.68207 -0.00876 0.00315 0.00411 0.99995
1706352275.554318666 -5.98065 -24.75703 113.63789 -0.00847 0.00309 0.00425 0.99995
1706352275.564318657 -12.91722 -14.67570 107.70812 -0.00870 0.00319 0.00413 0.99995
1706352275.574318647 -20.74167 0.42218 86.79197 -0.00926 0.00339 0.00385 0.99994
1706352275.584318638 -24.48517 12.33696 60.33630 -0.00986 0.00361 0.00358 0.99994
1706352275.594318628 -20.76449 14.98951 36.39260 -0.01025 0.00380 0.00345 0.99993
1706352275.604318619 -12.53875 10.78301 17.43073 -0.01052 0.00399 0.00344 0.99993
1706352275.614318609 -4.35267 4.24119 4.52518 -0.01079 0.00423 0.00348 0.99993
1706352275.624318600 0.28548 -0.88447 -1.82927 -0.01114 0.00456 0.00352 0.99992
1706352275.634318590 2.01317 -3.93144 -3.45655 -0.01145 0.00485 0.00354 0.99992
1706352275.644318581 2.50433 -5.00945 -2.76029 -0.01153 0.00497 0.00355 0.99991
1706352275.654318571 3.30191 -4.42059 -1.70861 -0.00312 0.00029 0.00344 0.99999
1706352275.664318562 5.42581 -3.23530 -0.52487 0.05433 -0.03175 0.00260 0.99801
1706352275.674318552 9.76901 -2.70966 1.02822 0.20762 -0.11709 0.00027 0.97118
1706352275.684318542 16.47841 -3.68143 3.08198 0.45518 -0.25472 -0.00376 0.85318
1706352275.694318533 22.71584 -5.30846 5.00181 0.65980 -0.36829 -0.00746 0.65496
1706352275.704318523 24.96281 -6.20518 5.79520 0.73328 -0.40896 -0.00897 0.54311
1706352275.714318514 20.96779 -5.32387 4.82038 0.65996 -0.36832 -0.00764 0.65478
1706352275.724318504 13.30373 -3.40932 2.84569 0.45537 -0.25544 -0.00418 0.85286
1706352275.734318495 5.81013 -1.54503 0.98981 0.20749 -0.11974 0.00013 0.97088
1706352275.744318485 1.49894 -0.49619 -0.00782 0.02739 -0.01922 0.00185 0.51086
1706352275.754318476 -0.06905 -0.07524 -0.38326 -0.00238 -0.00438 0.00293 0.51193
1706352275.764318466 -0.29290 -0.01521 -0.43567 -0.00682 -0.00270 0.00327 0.51190
1706352275.774318457 4.91055 -0.75996 -1.25884 -0.01276 -0.00401 0.00600 0.99989
1706352275.784318447 41.32200 -5.91837 -7.01617 -0.01151 -0.00126 0.00513 0.99992
1706352275.794318676 140.15580 -19.92173 -22.64651 -0.01028 0.00144 0.00425 0.99994
1706352275.804318666 309.97616 -44.25846 -48.52011 -0.00959 0.00289 0.00376 0.99994
1706352275.814318657 468.75624 -68.67818 -66.74043 -0.00935 0.00332 0.00359 0.99994
1706352275.824318647 511.82138 -79.99580 -54.84422 -0.00932 0.00332 0.00356 0.99994
1706352275.834318638 377.31887 -69.75075 -1.18953 -0.00932 0.00338 0.00352 0.99994
1706352275.844318628 174.68370 -48.38041 62.58037 -0.00930 0.00352 0.00347 0.99994
1706352275.854318619 56.17280 -31.04664 94.00092 -0.00928 0.00366 0.00340 0.99994
1706352275.864318609 125.19770 -28.65144 64.67172 -0.00926 0.00373 0.00333 0.99994
1706352275.874318600 289.78822 -35.05726 2.44925 -0.00929 0.00375 0.00325 0.99994
1706352275.884318590 409.12877 -39.86668 -50.74587 -0.00943 0.00376 0.00314 0.99994
1706352275.894318581 380.45162 -35.37175 -63.56823 -0.00967 0.00380 0.00300 0.99994
1706352275.904318571 253.18059 -24.62240 -46.97359 -0.00993 0.00385 0.00287 0.99994
1706352275.914318562 114.78743 -13.35802 -22.49295 -0.01004 0.00389 0.00280 0.99994
1706352275.924318552 33.92927 -6.06301 -7.32768 -0.00993 0.00392 0.00281 0.99994
1706352275.934318542 4.00493 -2.20169 -1.36058 -0.00970 0.00394 0.00287 0.99994
1706352275.944318533 -0.40139 0.01663 -0.14478 -0.00949 0.00398 0.00293 0.99994
1706352275.954318523 -0.47640 2.02295 0.05215 -0.00941 0.00403 0.00296 0.99994
1706352275.964318514 -0.49037 3.80938 0.10491 -0.00938 0.00408 0.00297 0.99994
1706352275.974318504 -0.48452 5.00832 0.17378 -0.00926 0.00410 0.00300 0.99994
1706352275.984318495 -0.56980 5.35936 0.30139 -0.00896 0.00407 0.00309 0.99995
1706352275.994318485 -1.13614 5.03084 0.05995 -0.00856 0.00405 0.00326 0.99995
1706352276.004318476 -2.64325 4.29827 -1.09599 -0.00820 0.00408 0.00352 0.99995
1706352276.014318466 -5.24022 3.41053 -3.38060 -0.00804 0.00425 0.00387 0.99995
1706352276.024318457 -7.83369 2.51009 -5.68305 -0.00840 0.00479 0.00423 0.99994
1706352276.034318447 -9.01970 1.71278 -6.56125 -0.00964 0.00597 0.00449 0.99993
1706352276.044318676 -7.80175 1.10129 -5.02593 -0.01187 0.00783 0.00456 0.99989
1706352276.054318666 -4.81334 0.62585 -1.89906 -0.01412 0.00961 0.00446 0.99984
1706352276.064318657 -1.09546 0.20352 1.54454 -0.01517 0.01033 0.00421 0.99982
1706352276.074318647 2.38472 -0.09844 4.20139 -0.01420 0.00935 0.00385 0.99985
1706352276.084318638 4.95541 0.38803 5.65327 -0.01203 0.00736 0.00349 0.99989
1706352276.094318628 6.01860 2.48117 5.65325 -0.00989 0.00538 0.00324 0.99993
1706352276.104318619 5.43916 6.85908 4.12391 -0.00876 0.00422 0.00319 0.99995
1706352276.114318609 4.93342 13.63933 1.66574 -0.00858 0.00374 0.00326 0.99995
1706352276.124318600 6.68053 22.79935 -0.95126 -0.00905 0.00355 0.00336 0.99995
1706352276.134318590 11.64591 33.74602 -3.06151 -0.00982 0.00337 0.00339 0.99994
1706352276.144318581 15.93992 43.60396 -4.41711 -0.01053 0.00322 0.00330 0.99993
1706352276.154318571 14.45915 48.92723 -4.87460 -0.01076 0.00316 0.00302 0.99993
1706352276.164318562 4.18874 47.29040 -4.40225 -0.01027 0.00326 0.00256 0.99994
1706352276.174318552 -9.53189 40.35009 -3.41526 -0.00938 0.00346 0.00208 0.99995
1706352276.184318542 -19.27479 30.78342 -2.44054 -0.00857 0.00364 0.00180 0.99996
1706352276.194318533 -19.70662 20.98920 -1.89561 -0.00818 0.00374 0.00190 0.99996
1706352276.204318523 -13.87256 12.25305 -1.76027 -0.00797 0.00386 0.00248 0.99996
1706352276.214318514 -6.91242 5.58230 -1.90490 -0.00761 0.00409 0.00360 0.99996
1706352276.224318504 -2.89611 1.66827 -2.18336 -0.00686 0.00450 0.00517 0.99995
1706352276.234318495 -1.61396 -0.06167 -2.38334 -0.00603 0.00495 0.00649 0.99995
1706352276.244318485 -1.78644 -0.49615 -2.27603 -0.00557 0.00520 0.00670 0.99995
1706352276.254318476 -2.30793 0.21279 -1.74868 -0.00431 -0.00283 0.00190 0.99998
1706352276.264318466 -2.76589 4.85875 -1.15075 0.00516 -0.05883 -0.02409 0.99796
1706352276.274318457 -2.90317 16.96552 -0.92601 0.03133 -0.20880 -0.08958 0.97334
1706352276.284318447 -2.53269 37.58891 -1.28131 0.07478 -0.45291 -0.19359 0.86707
1706352276.294318676 -1.88985 58.02516 -1.80449 0.11222 -0.65923 -0.28049 0.68858
1706352276.304318666 -1.25669 67.22791 -2.13894 0.12628 -0.73582 -0.31233 0.58743
1706352276.314318657 -0.77754 57.87354 -2.05599 0.11179 -0.65958 -0.28004 0.68850
1706352276.324318647 -0.51721 37.36240 -1.62579 0.07388 -0.45360 -0.19372 0.86675
1706352276.334318638 -0.40331 16.81862 -1.04656 0.02960 -0.20996 -0.09253 0.97287
1706352276.344318628 -0.34084 4.96949 -0.64484 0.00174 -0.05123 -0.02727 0.84280
1706352276.354318619 -0.29896 0.60979 -0.49655 -0.00736 -0.00440 -0.00998 0.84469
1706352276.364318609 -0.29402 -0.01236 -0.46949 -0.00882 0.00222 -0.00871 0.84470
1706352276.374318600 -0.24751 0.05188 -0.67829 -0.01012 0.00276 -0.00992 0.99990
1706352276.384318590 0.09003 0.49855 -2.18019 -0.00950 0.00302 -0.00807 0.99992
1706352276.394318581 1.00861 1.71141 -6.26653 -0.00897 0.00324 -0.00602 0.99994
1706352276.404318571 2.58087 3.82967 -13.41147 -0.00880 0.00324 -0.00480 0.99994
1706352276.414318562 4.00817 6.01486 -20.81844 -0.00874 0.00297 -0.00431 0.99995
1706352276.424318552 4.27408 7.18408 -24.87317 -0.00839 0.00239 -0.00422 0.99995
1706352276.434318542 2.83290 6.64587 -22.94820 -0.00752 0.00152 -0.00425 0.99996
1706352276.444318533 1.02190 5.27443 -16.36324 -0.00654 0.00069 -0.00444 0.99997
1706352276.454318523 0.64911 4.33541 -7.42479 -0.00598 0.00029 -0.00491 0.99997
1706352276.464318514 3.38846 2.98527 0.01975 -0.00627 0.00059 -0.00569 0.99996
1706352276.474318504 10.37755 -8.05624 -4.04058 -0.00721 0.00139 -0.00655 0.99995
1706352276.484318495 22.61988 -40.17851 -31.15765 -0.00849 0.00236 -0.00718 0.99994
1706352276.494318485 39.15824 -95.64850 -87.48024 -0.00980 0.00324 -0.00736 0.99992
1706352276.504318476 51.19239 -140.24324 -157.54490 -0.01093 0.00391 -0.00715 0.99991
1706352276.514318466 47.96138 -130.61728 -220.48511 -0.01169 0.00432 -0.00672 0.99990
1706352276.524318457 23.48100 -42.66062 -257.89351 -0.01196 0.00444 -0.00623 0.99990
1706352276.534318447 -9.12592 70.79509 -261.19941 -0.01192 0.00439 -0.00600 0.99990
1706352276.544318676 -31.95981 137.68275 -224.29125 -0.01182 0.00431 -0.00636 0.99990
1706352276.554318666 -32.22457 108.13220 -147.59765 -0.02145 0.00487 -0.00618 0.99974
1706352276.564318657 -17.53774 21.06166 -57.70469 -0.08857 0.00895 0.00157 0.99603
1706352276.574318647 -0.61638 -62.40445 12.28725 -0.26754 0.01995 0.02525 0.96301
1706352276.584318638 8.93768 -95.30403 37.79117 -0.56909 0.03835 0.06788 0.81857
1706352276.594318628 13.93114 -87.47686 27.98550 -0.86680 0.05587 0.11295 0.48247
1706352276.604318619 20.23342 -63.12145 0.29742 -0.98875 0.06174 0.13585 -0.01021
1706352276.614318609 30.19623 -42.04296 -28.49492 -0.85546 0.05164 0.12334 -0.50030
1706352276.624318600 32.19593 -25.16849 -44.23569 -0.55007 0.03141 0.08511 -0.83018
1706352276.634318590 11.12967 -8.38499 -33.48941 -0.24553 0.01203 0.04482 -0.96828
1706352276.644318581 -40.37971 11.24029 9.25674 0.00535 -0.00008 -0.00166 0.08027
1706352276.654318571 -98.70394 31.83299 58.72389 0.00001 0.00025 -0.00096 0.08046
1706352276.664318562 -132.46669 49.98501 82.01210 -0.00073 0.00029 -0.00091 0.08045
1706352276.674318552 -119.99597 62.67576 57.32249 -0.00929 0.00376 -0.01241 0.99987
1706352276.684318542 -78.47164 67.79025 7.13682 -0.00969 0.00405 -0.01352 0.99985
1706352276.694318533 -34.79476 63.44726 -34.98437 -0.00994 0.00438 -0.01435 0.99984
1706352276.704318523 -9.36440 49.27951 -44.10795 -0.00980 0.00465 -0.01467 0.99983
1706352276.714318514 3.41967 30.98220 -29.80119 -0.00946 0.00490 -0.01471 0.99984
1706352276.724318504 15.65747 15.76615 -10.25645 -0.00927 0.00519 -0.01475 0.99983
1706352276.734318495 35.54762 8.94144 0.17559 -0.00945 0.00555 -0.01504 0.99983
1706352276.744318485 55.68295 8.21511 2.51095 -0.00991 0.00585 -0.01558 0.99981
1706352276.754318476 64.75485 9.39345 1.60739 -0.01044 0.00595 -0.01631 0.99979
1706352276.764318466 56.63747 5.26796 1.45013 -0.01089 0.00576 -0.01713 0.99978
1706352276.774318457 45.93600 -23.42901 2.53455 -0.01129 0.00541 -0.01786 0.99976
1706352276.784318447 52.43836 -98.97991 4.48350 -0.01173 0.00507 -0.01831 0.99975
1706352276.794318676 85.85749 -230.20871 6.66280 -0.01224 0.00489 -0.01835 0.99974
1706352276.804318666 115.60626 -372.10547 7.41006 -0.01281 0.00477 -0.01817 0.99974
1706352276.814318657 101.02249 -466.20178 4.80580 -0.01336 0.00455 -0.01806 0.99974
1706352276.824318647 18.79905 -475.07946 -2.23159 -0.01384 0.00414 -0.01825 0.99973
1706352276.834318638 -84.95120 -445.52141 -11.43239 -0.01413 0.00372 -0.01877 0.99972
1706352276.844318628 -146.76034 -445.36080 -19.68903 -0.01413 0.00350 -0.01960 0.99970
1706352276.854318619 -122.88588 -517.10854 -24.45401 -0.02004 0.00137 -0.02685 0.99944
1706352276.864318609 -48.48667 -601.98741 -25.42006 -0.06337 -0.01400 -0.07105 0.99536
1706352276.874318600 21.55372 -615.90483 -22.83826 -0.18026 -0.05566 -0.18686 0.96410
1706352276.884318590 45.53454 -502.61820 -17.24014 -0.36933 -0.12371 -0.37170 0.84269
1706352276.894318581 34.49772 -317.20201 -10.31986 -0.52597 -0.18076 -0.52278 0.64606
1706352276.904318571 12.70219 -142.53268 -4.10456 -0.58308 -0.20107 -0.57624 0.53622
1706352276.914318562 -0.32982 -42.48744 -0.19862 -0.52818 -0.17881 -0.52171 0.64565
1706352276.924318552 -4.12047 -4.89915 1.56939 -0.37326 -0.12039 -0.37022 0.84209
1706352276.934318542 -2.92937 1.40070 1.79359 -0.18496 -0.05172 -0.18594 0.96361
1706352276.944318533 -0.43468 2.35434 1.06756 -0.03679 -0.00539 -0.03870 0.53866
1706352276.954318523 1.91735 2.90928 0.12085 -0.01310 0.00290 -0.01575 0.54093
1706352276.964318514 3.20864 2.73183 -0.24346 -0.00970 0.00403 -0.01289 0.54107
1706352276.974318504 2.92254 1.72817 0.49283 -0.01774 0.00761 -0.02492 0.99950
1706352276.984318495 2.09708 0.75033 1.75385 -0.01739 0.00798 -0.02605 0.99948
1706352276.994318485 2.14706 0.89911 2.70275 -0.01687 0.00835 -0.02691 0.99946
1706352277.004318476 3.82465 2.64348 2.70407 -0.01622 0.00858 -0.02732 0.99946
1706352277.014318466 5.21858 3.93755 1.94129 -0.01562 0.00866 -0.02742 0.99946
1706352277.024318457 3.75175 2.10671 0.80267 -0.01527 0.00862 -0.02741 0.99947
1706352277.034318447 -1.99068 -4.43167 -0.33567 -0.01530 0.00853 -0.02752 0.99947
1706352277.044318676 -8.77456 -12.89222 -1.14613 -0.01554 0.00845 -0.02787 0.99946
1706352277.054318666 -12.20346 -19.39758 -1.31325 -0.01574 0.00846 -0.02860 0.99943
1706352277.064318657 -9.63994 -20.59350 -0.50582 -0.01567 0.00860 -0.02973 0.99940
1706352277.074318647 -5.48245 -15.21806 1.67029 -0.01519 0.00878 -0.03090 0.99937
1706352277.084318638 -5.88844 -2.53245 5.62495 -0.01418 0.00888 -0.03169 0.99936
1706352277.094318628 -15.09410 16.45035 11.22662 -0.01265 0.00881 -0.03179 0.99938
1706352277.104318619 -29.65064 33.71026 16.17809 -0.01107 0.00867 -0.03151 0.99940
1706352277.114318609 -44.18803 39.47538 17.64074 -0.01004 0.00862 -0.03133 0.99942
1706352277.124318600 -54.02345 28.21553 13.94697 -0.00996 0.00873 -0.03159 0.99941
1706352277.134318590 -57.22303 11.36740 8.11337 -0.01047 0.00892 -0.03227 0.99938
1706352277.144318581 -52.54013 4.60938 4.32754 -0.01098 0.00901 -0.03320 0.99935
1706352277.154318571 -39.68427 17.97962 4.78091 -0.00813 0.01436 -0.03884 0.99911
1706352277.164318562 -22.18736 38.95535 3.68156 0.01269 0.05229 -0.07189 0.99596
1706352277.174318552 -4.51778 49.37200 -6.74736 0.06864 0.15450 -0.15831 0.97281
1706352277.184318542 9.51141 36.72440 -30.53727 0.16133 0.32318 -0.29831 0.88348
1706352277.194318533 18.44351 11.21856 -56.83064 0.24336 0.47117 -0.41878 0.73716
1706352277.204318523 21.26229 -11.15399 -71.02454 0.27538 0.52918 -0.46487 0.65424
1706352277.214318514 17.71647 -18.32945 -63.07329 0.24234 0.47203 -0.41840 0.73716
1706352277.224318504 10.73735 -14.24902 -41.41383 0.15937 0.32460 -0.29769 0.88353
1706352277.234318495 4.02161 -6.78114 -19.04067 0.06559 0.15587 -0.15789 0.97287
1706352277.244318485 0.30281 -2.14666 -6.08328 0.00811 0.05211 -0.07114 0.98006
1706352277.254318476 -0.94930 -0.39520 -1.29650 -0.01375 0.01396 -0.03992 0.98304
1706352277.264318466 -1.00982 -0.06086 -0.57464 -0.01745 0.00824 -0.03607 0.98320
1706352277.274318457 -1.59163 -0.68404 -4.09008 -0.01732 0.00850 -0.03783 0.99910
1706352277.284318447 -6.22577 -5.84409 -29.18514 -0.01633 0.00900 -0.03916 0.99906
1706352277.294318676 -18.89896 -20.12870 -97.49438 -0.01571 0.00976 -0.04020 0.99902
1706352277.304318666 -40.74627 -43.70178 -219.31429 -0.01612 0.01062 -0.04070 0.99899
1706352277.314318657 -61.49692 -59.03069 -359.58830 -0.01722 0.01147 -0.04116 0.99894
1706352277.324318647 -68.02865 -44.15860 -471.92162 -0.01839 0.01216 -0.04229 0.99886
1706352277.334318638 -51.85547 11.94790 -515.20095 -0.01912 0.01261 -0.04450 0.99875
1706352277.344318628 -23.03659 76.62884 -469.43913 -0.01945 0.01280 -0.04704 0.99862
1706352277.354318619 3.73250 106.30082 -319.93052 -0.01952 0.01275 -0.04885 0.99853
1706352277.364318609 17.41651 72.15564 -71.63858 -0.01950 0.01253 -0.04918 0.99852
1706352277.374318600 21.62110 4.48564 191.79677 -0.01952 0.01240 -0.04854 0.99855
1706352277.384318590 23.61215 -51.64166 367.06648 -0.01975 0.01267 -0.04772 0.99859
1706352277.394318581 28.68395 -62.77481 381.95377 -0.02029 0.01356 -0.04742 0.99858
1706352277.404318571 34.24454 -41.92657 288.61096 -0.02101 0.01487 -0.04798 0.99852
1706352277.414318562 35.73036 -13.72575 170.28265 -0.02172 0.01633 -0.04963 0.99840
1706352277.424318552 29.82787 2.29361 93.05871 -0.02227 0.01765 -0.05236 0.99822
1706352277.434318542 18.22360 6.97664 54.40997 -0.02254 0.01859 -0.05526 0.99804
1706352277.444318533 3.85409 6.26329 34.65250 -0.02246 0.01889 -0.05715 0.99793
1706352277.454318523 -10.48002 5.11249 17.77013 -0.02402 0.01011 -0.06173 0.99775
1706352277.464318514 -22.51893 4.55767 2.41979 -0.03726 -0.04896 -0.09197 0.99386
1706352277.474318504 -30.12149 4.63556 -9.05269 -0.07300 -0.20581 -0.17336 0.96034
1706352277.484318495 -0.43704 -166.32177 62.88419 -0.12896 -0.45780 -0.30110 0.82651
1706352277.494318485 222.11710 -1366.59342 606.16518 -0.17210 -0.66350 -0.39878 0.60919
1706352277.504318476 823.91355 -4626.02702 2085.60226 -0.18655 -0.73635 -0.42965 0.48825
1706352277.514318466 2166.32680 -10165.09138 4504.16293 -0.17309 -0.66529 -0.39654 0.60843
1706352277.524318457 5310.16331 -14966.67435 6017.64414 -0.12994 -0.46164 -0.29735 0.82558
1706352277.534318447 11491.22908 -15204.28335 4319.99985 -0.07223 -0.21157 -0.16887 0.95995
1706352277.544318676 20766.48852 -8615.67938 -1762.14909 0.00275 0.00465 0.00722 -0.08230
1706352277.554318666 28477.37286 804.23707 -8870.87873 0.00136 -0.00015 0.00474 -0.08265
1706352277.564318657 28786.22656 7496.10453 -12515.13706 0.00104 -0.00082 0.00447 -0.08266
1706352277.574318647 18196.73630 7489.59430 -9672.10595 -0.01300 0.00986 -0.05537 0.99833
1706352277.584318638 2577.42880 3170.21335 -3191.55521 -0.01500 0.00963 -0.05638 0.99825
1706352277.594318628 -9861.97816 -1487.47535 2608.61972 -0.01742 0.00898 -0.05670 0.99820
1706352277.604318619 -13078.68183 -3387.16435 4480.61954 -0.01929 0.00779 -0.05614 0.99821
1706352277.614318609 -9697.56352 -2945.46898 3457.05411 -0.02032 0.00640 -0.05532 0.99824
1706352277.624318600 -4510.42621 -1457.23552 1640.63589 -0.02041 0.00530 -0.05509 0.99826
1706352277.634318590 -1345.11104 -32.50126 692.37489 -0.01959 0.00484 -0.05599 0.99823
1706352277.644318581 -173.61074 957.93259 506.47076 -0.01836 0.00483 -0.05760 0.99816
1706352277.654318571 -3.95559 1328.07391 535.42039 -0.01737 0.00497 -0.05921 0.99808
1706352277.664318562 -7.86524 996.79276 355.42170 -0.01719 0.00503 -0.06026 0.99802
1706352277.674318552 -11.81676 302.40797 37.47677 -0.01802 0.00507 -0.06076 0.99798
1706352277.684318542 -5.97667 -311.89942 -223.71122 -0.02000 0.00523 -0.06086 0.99793
1706352277.694318533 15.45267 -512.26880 -283.85972 -0.02312 0.00555 -0.06068 0.99787
1706352277.704318523 42.12541 -402.12163 -200.36873 -0.02680 0.00574 -0.06019 0.99781
1706352277.714318514 59.65981 -194.19990 -81.05893 -0.03030 0.00541 -0.05935 0.99776
1706352277.724318504 57.94346 -59.77622 -12.28350 -0.03299 0.00437 -0.05825 0.99775
1706352277.734318495 43.94120 -4.24572 5.47442 -0.03460 0.00315 -0.05758 0.99774
1706352277.744318485 28.88720 8.46588 -6.80080 -0.03498 0.00250 -0.05816 0.99769
1706352277.754318476 20.97688 7.02187 -25.29556 -0.04361 0.00269 -0.06032 0.99722
1706352277.764318466 16.25047 -9.55822 -14.87673 -0.10850 0.00242 -0.06214 0.99215
1706352277.774318457 7.70961 -49.65999 62.44082 -0.28413 0.00042 -0.05958 0.95693
1706352277.784318447 -9.07943 -114.61632 222.86076 -0.56581 -0.00393 -0.04683 0.82320
1706352277.794318676 -28.30720 -177.71665 395.19925 -0.79283 -0.00833 -0.02811 0.60873
1706352277.804318666 -41.61569 -205.42800 486.36623 -0.87180 -0.01009 -0.01799 0.48942
1706352277.814318657 -43.01073 -175.76620 432.85525 -0.79410 -0.00779 -0.02690 0.60714
1706352277.824318647 -35.93630 -112.54992 289.24576 -0.56866 -0.00272 -0.04534 0.82132
1706352277.834318638 -26.19907 -51.14314 139.70076 -0.28740 0.00238 -0.05988 0.95593
1706352277.844318628 -18.89761 -18.84699 49.66979 0.00029 -0.00001 0.00017 -0.00259
1706352277.854318619 -16.29528 -10.13743 10.03319 0.00011 -0.00002 0.00018 -0.00261
1706352277.864318609 -19.91500 -11.04994 -6.95003 0.00008 -0.00002 0.00019 -0.00261
1706352277.874318600 -29.83038 -10.33239 -23.26221 -0.03213 0.00626 -0.07261 0.99682
1706352277.884318590 -40.25486 -7.30495 -38.04914 -0.03223 0.00643 -0.07393 0.99672
1706352277.894318581 -43.94902 -3.83694 -44.73416 -0.03207 0.00612 -0.07473 0.99667
1706352277.904318571 -36.14979 -1.41253 -39.04448 -0.03127 0.00505 -0.07487 0.99669
1706352277.914318562 -22.01279 0.12280 -25.90851 -0.03025 0.00353 -0.07478 0.99673
1706352277.924318552 -9.17326 1.33320 -12.55496 -0.02959 0.00205 -0.07507 0.99674
1706352277.934318542 -3.39054 2.59755 -4.62113 -0.02969 0.00102 -0.07613 0.99666
1706352277.944318533 -2.92012 3.55351 -1.37865 -0.03010 0.00049 -0.07771 0.99652
1706352277.954318523 -4.14158 3.65350 -0.50775 -0.03021 0.00044 -0.07935 0.99639
1706352277.964318514 -4.18053 2.57565 -0.07261 -0.02955 0.00083 -0.08069 0.99630
1706352277.974318504 -3.14678 0.90117 0.32676 -0.02846 0.00139 -0.08162 0.99626
1706352277.984318495 -1.89617 -0.56298 0.70635 -0.02744 0.00182 -0.08211 0.99624
1706352277.994318485 -1.09919 -1.19494 1.06346 -0.02688 0.00190 -0.08219 0.99625
1706352278.004318476 -0.68474 -1.11322 1.32049 -0.02676 0.00177 -0.08214 0.99626
1706352278.014318466 -0.39633 -0.62143 1.38112 -0.02693 0.00162 -0.08229 0.99624
1706352278.024318457 -0.01494 0.01676 1.16874 -0.02725 0.00160 -0.08288 0.99619
1706352278.034318447 0.52860 0.69756 0.68544 -0.02761 0.00167 -0.08388 0.99609
1706352278.044318676 1.26600 1.35709 -0.04697 -0.02787 0.00176 -0.08516 0.99598
1706352278.054318666 2.62719 1.93174 -0.79054 -0.03466 0.00079 -0.08887 0.99544
1706352278.064318657 6.63463 2.35852 -0.44186 -0.08143 -0.00603 -0.10619 0.99099
1706352278.074318647 15.70629 2.57378 2.32652 -0.20703 -0.02422 -0.14913 0.96660
1706352278.084318638 30.09113 2.53996 8.24787 -0.41485 -0.05439 -0.21546 0.88234
1706352278.094318628 41.39666 2.30905 15.57955 -0.59966 -0.08150 -0.26935 0.74914
1706352278.104318619 39.08935 1.91350 21.91042 -0.67320 -0.09235 -0.28877 0.67445
1706352278.114318609 16.77912 1.40746 25.35395 -0.59955 -0.08123 -0.26872 0.74949
1706352278.124318600 -15.36773 1.07528 26.14827 -0.41456 -0.05372 -0.21471 0.88270
1706352278.134318590 -43.04130 1.22295 25.05650 -0.20669 -0.02290 -0.14925 0.96669
1706352278.144318581 -54.76408 2.02125 22.48034 -0.08091 -0.00375 -0.10766 0.98499
1706352278.154318571 -50.46546 3.26986 17.57381 -0.03491 0.00390 -0.09315 0.98917
1706352278.164318562 -32.93539 4.67906 9.20406 -0.02866 0.00518 -0.09240 0.98943
1706352278.174318552 4.65062 -18.91419 60.44604 -0.02896 0.00460 -0.09434 0.99511
1706352278.184318542 107.58488 -192.16442 491.17534 -0.02889 0.00347 -0.09539 0.99502
1706352278.194318533 330.77670 -664.59723 1685.46757 -0.02873 0.00242 -0.09595 0.99497
1706352278.204318523 646.23917 -1473.05984 3857.09173 -0.02857 0.00189 -0.09599 0.99497
1706352278.214318514 694.40062 -2203.68388 6538.59032 -0.02841 0.00182 -0.09586 0.99499
1706352278.224318504 32.79311 -2329.92207 9092.19915 -0.02819 0.00199 -0.09600 0.99498
1706352278.234318495 -1591.01763 -1462.80360 11024.68976 -0.02791 0.00220 -0.09676 0.99491
1706352278.244318485 -3669.33094 236.33643 12420.97665 -0.02765 0.00238 -0.09803 0.99480
1706352278.254318476 -5504.41240 2468.58636 13510.51011 -0.02750 0.00247 -0.09962 0.99464
1706352278.264318466 -6521.91450 4856.91462 14371.84361 -0.02753 0.00244 -0.10129 0.99447
1706352278.274318457 -6641.03746 6711.80992 14479.94308 -0.02753 0.00231 -0.10272 0.99433
1706352278.284318447 -5904.36851 7265.64097 13158.87755 -0.02725 0.00213 -0.10355 0.99425
1706352278.294318676 -4436.47379 6057.65528 10062.21098 -0.02654 0.00194 -0.10360 0.99426
1706352278.304318666 -2689.83530 3854.61582 6161.48769 -0.02562 0.00180 -0.10329 0.99432
1706352278.314318657 -1198.91404 1730.16452 2757.74712 -0.02478 0.00178 -0.10323 0.99435
1706352278.324318647 -365.09429 514.96869 835.25769 -0.02427 0.00192 -0.10387 0.99429
1706352278.334318638 -57.45335 67.79689 111.20315 -0.02408 0.00211 -0.10509 0.99417
1706352278.344318628 -11.99171 4.44294 -14.00397 -0.02411 0.00223 -0.10665 0.99400
1706352278.354318619 -9.26003 4.74811 -41.45927 -0.02954 0.00012 -0.10978 0.99352
1706352278.364318609 -8.00964 4.74318 -78.28986 -0.06650 -0.01452 -0.12150 0.99026
1706352278.374318600 -11.54304 4.50325 -133.12418 -0.16568 -0.05374 -0.14924 0.97334
1706352278.384318590 -21.32049 4.93704 -207.10435 -0.33217 -0.11973 -0.19146 0.91579
1706352278.394318581 -31.41615 10.31133 -271.51670 -0.48624 -0.18124 -0.22604 0.82439
1706352278.404318571 -34.03995 25.72205 -290.24020 -0.55058 -0.20709 -0.23869 0.77266
1706352278.414318562 -24.16972 53.08292 -240.28179 -0.48607 -0.18113 -0.22512 0.82477
1706352278.424318552 -7.89871 81.66225 -151.07807 -0.33181 -0.11945 -0.19015 0.91623
1706352278.434318542 5.91224 97.54621 -65.19341 -0.16530 -0.05321 -0.14866 0.97352
1706352278.444318533 10.24009 90.06150 -15.65161 -0.06639 -0.01370 -0.12297 0.98997
1706352278.454318523 5.34206 61.53819 2.91150 -0.02985 0.00120 -0.11426 0.99288
1706352278.464318514 -6.70886 17.55135 5.47954 -0.02470 0.00343 -0.11454 0.99299
1706352278.474318504 -23.15028 -34.21079 4.68419 -0.02463 0.00321 -0.11628 0.99291
1706352278.484318495 -38.45838 -77.59489 3.72280 -0.02437 0.00281 -0.11769 0.99275
1706352278.494318485 -46.41897 -94.33119 3.43400 -0.02394 0.00251 -0.11853 0.99266
1706352278.504318476 -42.80244 -73.34999 4.34280 -0.02337 0.00249 -0.11866 0.99266
1706352278.514318466 -31.31739 -32.38194 5.71998 -0.02280 0.00269 -0.11849 0.99269
1706352278.524318457 -17.65698 3.64226 6.52275 -0.02234 0.00297 -0.11852 0.99270
1706352278.534318447 -6.55269 15.92402 5.93573 -0.02212 0.00323 -0.11918 0.99262
1706352278.544318676 1.11065 10.19326 4.05329 -0.02215 0.00341 -0.12040 0.99247
1706352278.554318666 5.40991 -1.68801 1.19722 -0.02241 0.00348 -0.12199 0.99227
1706352278.564318657 4.93922 -0.89696 -4.25425 -0.02285 0.00342 -0.12374 0.99205
1706352278.574318647 -7.63813 59.23232 -21.69706 -0.02319 0.00329 -0.12532 0.99184
1706352278.584318638 -41.14154 232.32652 -62.47068 -0.02314 0.00315 -0.12633 0.99171
1706352278.594318628 -98.64943 535.60998 -124.65251 -0.02251 0.00306 -0.12656 0.99170
1706352278.604318619 -160.27607 840.69759 -153.27156 -0.02169 0.00302 -0.12642 0.99173
1706352278.614318609 -200.39474 982.80185 -80.09474 -0.02118 0.00303 -0.12649 0.99174
1706352278.624318600 -195.64389 850.06017 127.36459 -0.02133 0.00306 -0.12719 0.99164
1706352278.634318590 -131.72271 542.30948 358.60716 -0.02190 0.00309 -0.12847 0.99147
1706352278.644318581 3.40441 212.31165 467.38725 -0.02245 0.00308 -0.13012 0.99124
1706352278.654318571 206.26566 -16.61851 355.56485 -0.02267 0.00303 -0.13195 0.99099
1706352278.664318562 411.35953 -138.95453 117.42280 -0.02257 0.00301 -0.13382 0.99074
1706352278.674318552 537.67707 -178.61699 -104.65031 -0.02227 0.00314 -0.13556 0.99051
1706352278.684318542 528.44496 -160.18760 -201.32488 -0.02187 0.00348 -0.13699 0.99032
1706352278.694318533 423.83241 -110.89257 -195.50730 -0.02149 0.00393 -0.13781 0.99022
1706352278.704318523 288.24428 -58.61923 -143.16297 -0.02125 0.00432 -0.13765 0.99024
1706352278.714318514 174.96566 -25.35473 -91.19781 -0.02121 0.00455 -0.13638 0.99042
1706352278.724318504 92.80256 -9.48535 -50.27977 -0.02130 0.00464 -0.13476 0.99064
1706352278.734318495 39.44123 -3.49720 -22.01732 -0.02141 0.00466 -0.13377 0.99077
1706352278.744318485 11.48195 -0.99716 -6.95844 -0.02145 0.00465 -0.13411 0.99072
1706352278.754318476 1.18134 -0.07534 -1.40923 -0.02141 0.00462 -0.13549 0.99054
1706352278.764318466 -0.28993 0.05735 -0.61530 -0.02133 0.00455 -0.13736 0.99028
1706352278.774318457 -0.28964 0.05849 -0.61467 -0.02123 0.00446 -0.13925 0.99002
1706352278.784318447 -0.28935 0.05961 -0.61491 -0.02120 0.00437 -0.14117 0.98975
