1706352273.584300995 -0.29565 -0.01800 -0.27061 -0.01046 0.00367 0.00004 0.99994
1706352273.594300985 -0.29565 -0.01800 -0.27061 -0.01046 0.00367 0.00004 0.99994
1706352273.604300976 -0.29565 -0.01800 -0.27061 -0.01046 0.00367 0.00004 0.99994
1706352273.614300966 -0.29565 -0.01800 -0.27061 -0.01046 0.00367 0.00004 0.99994
1706352273.624300957 -0.29564 -0.01795 -0.27052 -0.01042 0.00366 0.00003 0.99994
1706352273.634300947 -0.29554 -0.01758 -0.26987 -0.01008 0.00358 0.00000 0.99994
1706352273.644300938 -0.29526 -0.01659 -0.26809 -0.00916 0.00335 -0.00009 0.99995
1706352273.654300928 -0.29477 -0.01480 -0.26487 -0.00751 0.00294 -0.00025 0.99997
1706352273.664300919 -0.29422 -0.01265 -0.26087 -0.00557 0.00246 -0.00044 0.99998
1706352273.674300909 -0.29380 -0.01071 -0.25701 -0.00392 0.00205 -0.00059 0.99999
1706352273.684300900 -0.29367 -0.00943 -0.25403 -0.00298 0.00182 -0.00066 0.99999
1706352273.694300890 -0.29377 -0.00869 -0.25205 -0.00262 0.00173 -0.00067 0.99999
1706352273.704300880 -0.29398 -0.00821 -0.25101 -0.00254 0.00170 -0.00064 1.00000
1706352273.714301109 -0.29421 -0.00777 -0.25085 -0.00251 0.00169 -0.00061 1.00000
1706352273.724301100 -0.29444 -0.00734 -0.25158 -0.00247 0.00167 -0.00057 1.00000
1706352273.734301090 -0.29467 -0.00691 -0.25318 -0.00244 0.00166 -0.00054 1.00000
1706352273.744301081 -0.29493 -0.00640 -0.25533 -0.00232 0.00169 -0.00050 1.00000
1706352273.754301071 -0.29533 -0.00536 -0.25634 -0.00170 0.00199 -0.00046 1.00000
1706352273.764301062 -0.29604 -0.00327 -0.25421 -0.00007 0.00282 -0.00042 1.00000
1706352273.774301052 -0.29711 0.00013 -0.24781 0.00282 0.00432 -0.00037 0.99999
1706352273.784301043 -0.29830 0.00408 -0.23967 0.00622 0.00609 -0.00033 0.99996
1706352273.794301033 -0.29929 0.00756 -0.23322 0.00912 0.00759 -0.00028 0.99993
1706352273.804301023 -0.29983 0.00979 -0.23111 0.01075 0.00842 -0.00025 0.99991
1706352273.814301014 -0.30003 0.01102 -0.23272 0.01137 0.00872 -0.00021 0.99990
1706352273.824301004 -0.30006 0.01176 -0.23663 0.01149 0.00875 -0.00018 0.99990
1706352273.834300995 -0.30006 0.01242 -0.24163 0.01152 0.00874 -0.00015 0.99990
1706352273.844300985 -0.30005 0.01308 -0.24751 0.01155 0.00874 -0.00012 0.99990
1706352273.854300976 -0.30004 0.01372 -0.25426 0.01158 0.00873 -0.00010 0.99989
1706352273.864300966 -0.30004 0.01408 -0.26138 0.01153 0.00872 -0.00009 0.99990
1706352273.874300957 -0.30007 0.01272 -0.26630 0.01104 0.00871 -0.00019 0.99990
1706352273.884300947 -0.30017 0.00794 -0.26595 0.00966 0.00869 -0.00052 0.99992
1706352273.894300938 -0.30036 -0.00115 -0.25864 0.00717 0.00868 -0.00114 0.99994
1706352273.904300928 -0.30057 -0.01216 -0.24825 0.00424 0.00866 -0.00188 0.99995
1706352273.914300919 -0.30070 -0.02189 -0.24004 0.00175 0.00865 -0.00250 0.99996
1706352273.924300909 -0.30071 -0.02792 -0.23805 0.00036 0.00865 -0.00283 0.99996
1706352273.934300900 -0.30060 -0.03096 -0.24132 -0.00013 0.00865 -0.00293 0.99996
1706352273.944300890 -0.30043 -0.03249 -0.24762 -0.00018 0.00865 -0.00292 0.99996
1706352273.954300880 -0.30025 -0.03378 -0.25512 -0.00014 0.00865 -0.00289 0.99996
1706352273.964301109 -0.30006 -0.03507 -0.26345 -0.00010 0.00864 -0.00286 0.99996
1706352273.974301100 -0.29988 -0.03637 -0.27265 -0.00007 0.00864 -0.00283 0.99996
1706352273.984301090 -0.29970 -0.03756 -0.28227 -0.00007 0.00862 -0.00280 0.99996
1706352273.994301081 -0.29959 -0.03807 -0.29014 -0.00024 0.00850 -0.00273 0.99996
1706352274.004301071 -0.29961 -0.03722 -0.29360 -0.00073 0.00818 -0.00259 0.99996
1706352274.014301062 -0.29978 -0.03465 -0.29104 -0.00160 0.00760 -0.00236 0.99997
1706352274.024301052 -0.30003 -0.03133 -0.28480 -0.00262 0.00691 -0.00209 0.99997
1706352274.034301043 -0.30026 -0.02858 -0.27826 -0.00350 0.00634 -0.00185 0.99997
1706352274.044301033 -0.30038 -0.02737 -0.27404 -0.00398 0.00602 -0.00170 0.99997
1706352274.054301023 -0.30041 -0.02740 -0.27187 -0.00415 0.00590 -0.00163 0.99997
1706352274.064301014 -0.30037 -0.02806 -0.27074 -0.00416 0.00588 -0.00159 0.99997
1706352274.074301004 -0.30032 -0.02882 -0.26986 -0.00414 0.00587 -0.00156 0.99997
1706352274.084300995 -0.30025 -0.02959 -0.26929 -0.00410 0.00586 -0.00154 0.99997
1706352274.094300985 -0.30018 -0.03037 -0.26931 -0.00407 0.00585 -0.00152 0.99997
1706352274.104300976 -0.30007 -0.03091 -0.26983 -0.00392 0.00580 -0.00149 0.99997
1706352274.114300966 -0.29967 -0.02998 -0.26928 -0.00302 0.00547 -0.00140 0.99998
1706352274.124300957 -0.29869 -0.02610 -0.26572 -0.00059 0.00457 -0.00123 0.99999
1706352274.134300947 -0.29700 -0.01850 -0.25808 0.00374 0.00295 -0.00094 0.99999
1706352274.144300938 -0.29501 -0.00929 -0.24874 0.00884 0.00104 -0.00060 0.99996
1706352274.154300928 -0.29331 -0.00133 -0.24096 0.01317 -0.00058 -0.00031 0.99991
1706352274.164300919 -0.29233 0.00323 -0.23729 0.01560 -0.00149 -0.00013 0.99988
1706352274.174300909 -0.29194 0.00505 -0.23716 0.01650 -0.00183 -0.00005 0.99986
1706352274.184300900 -0.29184 0.00550 -0.23922 0.01665 -0.00188 -0.00001 0.99986
1706352274.194300890 -0.29179 0.00572 -0.24235 0.01667 -0.00189 0.00003 0.99986
1706352274.204300880 -0.29175 0.00593 -0.24633 0.01669 -0.00190 0.00006 0.99986
1706352274.214301109 -0.29170 0.00613 -0.25116 0.01671 -0.00190 0.00009 0.99986
1706352274.224301100 -0.29166 0.00650 -0.25661 0.01672 -0.00190 0.00012 0.99986
1706352274.234301090 -0.29163 0.00793 -0.26151 0.01667 -0.00180 0.00015 0.99986
1706352274.244301081 -0.29161 0.01148 -0.26447 0.01650 -0.00152 0.00021 0.99986
1706352274.254301071 -0.29162 0.01771 -0.26461 0.01618 -0.00102 0.00030 0.99987
1706352274.264301062 -0.29162 0.02529 -0.26324 0.01582 -0.00043 0.00039 0.99987
1706352274.274301052 -0.29159 0.03238 -0.26222 0.01551 0.00007 0.00048 0.99988
1706352274.284301043 -0.29153 0.03759 -0.26296 0.01536 0.00034 0.00054 0.99988
1706352274.294301033 -0.29143 0.04127 -0.26530 0.01533 0.00044 0.00057 0.99988
1706352274.304301023 -0.29132 0.04422 -0.26863 0.01536 0.00045 0.00059 0.99988
1706352274.314301014 -0.29122 0.04710 -0.27249 0.01540 0.00044 0.00062 0.99988
1706352274.324301004 -0.29112 0.05003 -0.27690 0.01545 0.00043 0.00064 0.99988
1706352274.334300995 -0.29102 0.05298 -0.28202 0.01549 0.00042 0.00066 0.99988
1706352274.344300985 -0.29096 0.05547 -0.28741 0.01544 0.00045 0.00068 0.99988
1706352274.354300976 -0.29121 0.05520 -0.29018 0.01479 0.00072 0.00066 0.99989
1706352274.364300966 -0.29207 0.04945 -0.28683 0.01295 0.00148 0.00058 0.99991
1706352274.374300957 -0.29368 0.03681 -0.27543 0.00962 0.00287 0.00041 0.99995
1706352274.384300947 -0.29561 0.02126 -0.26024 0.00570 0.00450 0.00020 0.99997
1706352274.394300938 -0.29727 0.00812 -0.24715 0.00235 0.00589 0.00003 0.99998
1706352274.404300928 -0.29822 0.00138 -0.24066 0.00048 0.00666 -0.00005 0.99998
1706352274.414300919 -0.29860 -0.00021 -0.23978 -0.00020 0.00693 -0.00007 0.99998
1706352274.424300909 -0.29870 0.00076 -0.24212 -0.00028 0.00696 -0.00005 0.99998
1706352274.434300900 -0.29875 0.00217 -0.24569 -0.00024 0.00694 -0.00003 0.99998
1706352274.444300890 -0.29881 0.00359 -0.25010 -0.00019 0.00692 0.00000 0.99998
1706352274.454300880 -0.29886 0.00500 -0.25536 -0.00015 0.00691 0.00003 0.99998
1706352274.464301109 -0.29891 0.00628 -0.26107 -0.00014 0.00690 0.00006 0.99998
1706352274.474301100 -0.29890 0.00689 -0.26533 -0.00022 0.00692 0.00005 0.99998
1706352274.484301090 -0.29878 0.00616 -0.26583 -0.00050 0.00699 -0.00002 0.99998
1706352274.494301081 -0.29853 0.00374 -0.26133 -0.00100 0.00712 -0.00019 0.99997
1706352274.504301071 -0.29822 0.00059 -0.25473 -0.00159 0.00727 -0.00040 0.99997
1706352274.514301062 -0.29797 -0.00204 -0.25001 -0.00209 0.00739 -0.00057 0.99997
1706352274.524301052 -0.29786 -0.00319 -0.25018 -0.00236 0.00746 -0.00065 0.99997
1706352274.534301043 -0.29786 -0.00314 -0.25451 -0.00245 0.00748 -0.00067 0.99997
1706352274.544301033 -0.29792 -0.00249 -0.26132 -0.00245 0.00748 -0.00064 0.99997
1706352274.554301023 -0.29799 -0.00175 -0.26922 -0.00243 0.00747 -0.00061 0.99997
1706352274.564301014 -0.29807 -0.00100 -0.27793 -0.00240 0.00747 -0.00059 0.99997
1706352274.574301004 -0.29814 -0.00026 -0.28748 -0.00237 0.00747 -0.00056 0.99997
1706352274.584300995 -0.29822 0.00051 -0.29731 -0.00229 0.00746 -0.00054 0.99997
1706352274.594300985 -0.29833 0.00140 -0.30456 -0.00192 0.00750 -0.00055 0.99997
1706352274.604300976 -0.29851 0.00254 -0.30584 -0.00100 0.00764 -0.00061 0.99997
1706352274.614300966 -0.29878 0.00396 -0.29911 0.00062 0.00790 -0.00075 0.99997
1706352274.624300957 -0.29910 0.00543 -0.28800 0.00252 0.00821 -0.00091 0.99996
1706352274.634300947 -0.29943 0.00665 -0.27749 0.00414 0.00848 -0.00105 0.99995
1706352274.644300938 -0.29970 0.00739 -0.27149 0.00505 0.00862 -0.00111 0.99995
1706352274.654300928 -0.29995 0.00775 -0.26930 0.00540 0.00867 -0.00112 0.99995
1706352274.664300919 -0.30018 0.00791 -0.26912 0.00546 0.00867 -0.00110 0.99995
1706352274.674300909 -0.30042 0.00802 -0.26948 0.00547 0.00865 -0.00106 0.99995
1706352274.684300900 -0.30067 0.00812 -0.27024 0.00548 0.00864 -0.00103 0.99995
1706352274.694300890 -0.30093 0.00821 -0.27164 0.00549 0.00863 -0.00100 0.99995
1706352274.704300880 -0.30115 0.00812 -0.27346 0.00551 0.00859 -0.00097 0.99995
1706352274.714301109 -0.30109 0.00686 -0.27384 0.00553 0.00830 -0.00090 0.99995
1706352274.724301100 -0.30049 0.00327 -0.27047 0.00552 0.00750 -0.00074 0.99996
1706352274.734301090 -0.29919 -0.00331 -0.26208 0.00548 0.00608 -0.00046 0.99997
1706352274.744301081 -0.29759 -0.01138 -0.25146 0.00544 0.00440 -0.00013 0.99998
1706352274.754301071 -0.29622 -0.01892 -0.24245 0.00542 0.00297 0.00014 0.99998
1706352274.764301062 -0.29548 -0.02438 -0.23799 0.00544 0.00217 0.00030 0.99998
1706352274.774301052 -0.29525 -0.02814 -0.23743 0.00547 0.00187 0.00036 0.99998
1706352274.784301043 -0.29528 -0.03107 -0.23922 0.00551 0.00182 0.00038 0.99998
1706352274.794301033 -0.29535 -0.03388 -0.24208 0.00554 0.00181 0.00040 0.99998
1706352274.804301023 -0.29542 -0.03669 -0.24576 0.00555 0.00180 0.00042 0.99998
1706352274.814301014 -0.29550 -0.03951 -0.25026 0.00557 0.00179 0.00044 0.99998
1706352274.824301004 -0.29556 -0.04200 -0.25508 0.00559 0.00178 0.00044 0.99998
1706352274.834300995 -0.29547 -0.04256 -0.25767 0.00559 0.00170 0.00039 0.99998
1706352274.844300985 -0.29511 -0.03924 -0.25498 0.00552 0.00152 0.00022 0.99998
1706352274.854300976 -0.29439 -0.03104 -0.24537 0.00536 0.00120 -0.00010 0.99998
1706352274.864300966 -0.29351 -0.02057 -0.23280 0.00517 0.00082 -0.00048 0.99999
1706352274.874300957 -0.29274 -0.01138 -0.22265 0.00501 0.00050 -0.00080 0.99999
1706352274.884300947 -0.29229 -0.00615 -0.21901 0.00492 0.00032 -0.00097 0.99999
1706352274.894300938 -0.29208 -0.00414 -0.22084 0.00490 0.00024 -0.00102 0.99999
1706352274.904300928 -0.29200 -0.00372 -0.22577 0.00491 0.00023 -0.00101 0.99999
1706352274.914300919 -0.29195 -0.00355 -0.23186 0.00495 0.00022 -0.00100 0.99999
1706352274.924300909 -0.29189 -0.00339 -0.23874 0.00499 0.00021 -0.00099 0.99999
1706352274.934300900 -0.29185 -0.00322 -0.24643 0.00503 0.00020 -0.00098 0.99999
1706352274.944300890 -0.29184 -0.00326 -0.25448 0.00508 0.00021 -0.00096 0.99999
1706352274.954300880 -0.29208 -0.00450 -0.26067 0.00524 0.00036 -0.00089 0.99999
1706352274.964301109 -0.29279 -0.00811 -0.26231 0.00565 0.00078 -0.00071 0.99998
1706352274.974301100 -0.29410 -0.01471 -0.25787 0.00636 0.00154 -0.00038 0.99998
1706352274.984301090 -0.29568 -0.02257 -0.25046 0.00720 0.00243 -0.00000 0.99997
1706352274.994301081 -0.29707 -0.02939 -0.24437 0.00791 0.00319 0.00032 0.99996
1706352275.004301071 -0.29794 -0.03344 -0.24286 0.00832 0.00362 0.00051 0.99996
1706352275.014301062 -0.29839 -0.03526 -0.24533 0.00848 0.00377 0.00059 0.99996
1706352275.024301052 -0.29864 -0.03597 -0.25015 0.00852 0.00379 0.00061 0.99996
1706352275.034301043 -0.29885 -0.03650 -0.25599 0.00853 0.00378 0.00064 0.99996
1706352275.044301033 -0.29907 -0.03703 -0.26260 0.00855 0.00377 0.00066 0.99996
1706352275.054301023 -0.29929 -0.03755 -0.26999 0.00858 0.00377 0.00068 0.99996
1706352275.064301014 -0.29949 -0.03817 -0.27769 0.00863 0.00376 0.00070 0.99996
1706352275.074301004 -0.29951 -0.03935 -0.28315 0.00873 0.00374 0.00073 0.99995
1706352275.084300995 -0.29919 -0.04168 -0.28329 0.00893 0.00372 0.00076 0.99995
1706352275.094300985 -0.29843 -0.04544 -0.27643 0.00925 0.00368 0.00080 0.99995
1706352275.104300976 -0.29747 -0.04976 -0.26630 0.00961 0.00364 0.00086 0.99995
1706352275.114300966 -0.29666 -0.05353 -0.25800 0.00993 0.00360 0.00090 0.99994
1706352275.124300957 -0.29625 -0.05586 -0.25545 0.01011 0.00358 0.00094 0.99994
1706352275.134300947 -0.29615 -0.05706 -0.25779 0.01020 0.00356 0.00097 0.99994
1706352275.144300938 -0.29621 -0.05769 -0.26295 0.01024 0.00356 0.00099 0.99994
1706352275.154300928 -0.29631 -0.05822 -0.26922 0.01027 0.00355 0.00101 0.99994
1706352275.164300919 -0.29640 -0.05876 -0.27626 0.01029 0.00354 0.00103 0.99994
1706352275.174300909 -0.29650 -0.05929 -0.28410 0.01032 0.00354 0.00105 0.99994
1706352275.184300900 -0.29663 -0.05965 -0.29217 0.01042 0.00358 0.00106 0.99994
1706352275.194300890 -0.29688 -0.05888 -0.29770 0.01098 0.00385 0.00109 0.99993
1706352275.204300880 -0.29737 -0.05585 -0.29734 0.01246 0.00457 0.00113 0.99991
1706352275.214301109 -0.29814 -0.04997 -0.28922 0.01507 0.00587 0.00118 0.99987
1706352275.224301100 -0.29898 -0.04276 -0.27745 0.01814 0.00739 0.00124 0.99981
1706352275.234301090 -0.29961 -0.03629 -0.26764 0.02075 0.00867 0.00131 0.99975
1706352275.244301081 -0.29981 -0.03211 -0.26408 0.02222 0.00938 0.00137 0.99971
1706352275.254301071 -0.29968 -0.02978 -0.26580 0.02276 0.00963 0.00143 0.99969
1706352275.264301062 -0.29939 -0.02837 -0.27050 0.02287 0.00965 0.00148 0.99969
1706352275.274301052 -0.29907 -0.02709 -0.27629 0.02290 0.00964 0.00152 0.99969
1706352275.284301043 -0.29875 -0.02581 -0.28281 0.02294 0.00964 0.00155 0.99969
1706352275.294301033 -0.29843 -0.02453 -0.29010 0.02298 0.00965 0.00157 0.99969
1706352275.304301023 -0.29813 -0.02348 -0.29761 0.02305 0.00963 0.00157 0.99969
1706352275.314301014 -0.29793 -0.02375 -0.30256 0.02340 0.00939 0.00146 0.99968
1706352275.324301004 -0.29793 -0.02666 -0.30160 0.02432 0.00871 0.00112 0.99967
1706352275.334300995 -0.29817 -0.03291 -0.29282 0.02595 0.00749 0.00049 0.99964
1706352275.344300985 -0.29853 -0.04072 -0.28025 0.02787 0.00603 -0.00025 0.99959
1706352275.354300976 -0.29886 -0.04768 -0.26937 0.02951 0.00480 -0.00087 0.99955
1706352275.364300966 -0.29903 -0.05200 -0.26441 0.03046 0.00412 -0.00121 0.99953
1706352275.374300957 -0.29908 -0.05417 -0.26449 0.03084 0.00387 -0.00133 0.99952
1706352275.384300947 -0.29907 -0.05528 -0.26746 0.03093 0.00385 -0.00133 0.99951
1706352275.394300938 -0.29905 -0.05623 -0.27152 0.03097 0.00386 -0.00132 0.99951
1706352275.404300928 -0.29903 -0.05718 -0.27633 0.03100 0.00388 -0.00130 0.99951
1706352275.414300919 -0.29901 -0.05815 -0.28191 0.03103 0.00389 -0.00129 0.99951
1706352275.424300909 -0.29903 -0.05897 -0.28775 0.03104 0.00393 -0.00128 0.99951
1706352275.434300900 -0.29928 -0.05892 -0.29119 0.03094 0.00419 -0.00123 0.99951
1706352275.444300890 -0.30001 -0.05709 -0.28906 0.03060 0.00489 -0.00111 0.99952
1706352275.454300880 -0.30132 -0.05301 -0.27960 0.02996 0.00614 -0.00092 0.99953
1706352275.464301109 -0.30288 -0.04793 -0.26676 0.02921 0.00762 -0.00069 0.99954
1706352275.474301100 -0.30424 -0.04347 -0.25592 0.02858 0.00890 -0.00051 0.99955
1706352275.484301090 -0.30505 -0.04089 -0.25118 0.02824 0.00964 -0.00041 0.99955
1706352275.494301081 -0.30543 -0.03983 -0.25158 0.02815 0.00997 -0.00040 0.99955
1706352275.504301071 -0.30560 -0.03953 -0.25491 0.02818 0.01008 -0.00043 0.99955
1706352275.514301062 -0.30574 -0.03934 -0.25930 0.02825 0.01017 -0.00049 0.99955
1706352275.524301052 -0.30589 -0.03915 -0.26441 0.02833 0.01025 -0.00055 0.99955
1706352275.534301043 -0.30603 -0.03896 -0.27028 0.02841 0.01031 -0.00061 0.99954
1706352275.544301033 -0.30616 -0.03882 -0.27645 0.02845 0.01034 -0.00066 0.99954
1706352275.554301023 -0.30625 -0.03880 -0.28053 0.02825 0.01021 -0.00073 0.99955
1706352275.564301014 -0.30626 -0.03903 -0.27961 0.02759 0.00979 -0.00085 0.99957
1706352275.574301004 -0.30617 -0.03954 -0.27207 0.02634 0.00901 -0.00105 0.99961
1706352275.584300995 -0.30609 -0.04012 -0.26137 0.02485 0.00808 -0.00127 0.99966
1706352275.594300985 -0.30614 -0.04051 -0.25222 0.02361 0.00729 -0.00145 0.99969
1706352275.604300976 -0.30641 -0.04050 -0.24826 0.02295 0.00685 -0.00155 0.99971
1706352275.614300966 -0.30686 -0.04019 -0.24872 0.02276 0.00668 -0.00158 0.99972
1706352275.624300957 -0.30740 -0.03971 -0.25176 0.02281 0.00665 -0.00159 0.99972
1706352275.634300947 -0.30796 -0.03920 -0.25582 0.02289 0.00664 -0.00161 0.99971
1706352275.644300938 -0.30853 -0.03870 -0.26062 0.02298 0.00663 -0.00162 0.99971
1706352275.654300928 -0.30911 -0.03821 -0.26617 0.02307 0.00662 -0.00163 0.99971
1706352275.664300919 -0.30965 -0.03758 -0.27207 0.02315 0.00658 -0.00163 0.99971
1706352275.674300909 -0.31001 -0.03603 -0.27627 0.02314 0.00643 -0.00158 0.99971
1706352275.684300900 -0.30997 -0.03264 -0.27631 0.02297 0.00606 -0.00144 0.99972
1706352275.694300890 -0.30944 -0.02692 -0.27080 0.02259 0.00539 -0.00121 0.99973
1706352275.704300880 -0.30873 -0.02013 -0.26268 0.02213 0.00462 -0.00094 0.99974
1706352275.714301109 -0.30827 -0.01397 -0.25596 0.02174 0.00395 -0.00070 0.99976
1706352275.724301100 -0.30837 -0.00974 -0.25375 0.02155 0.00357 -0.00053 0.99976
1706352275.734301090 -0.30892 -0.00707 -0.25539 0.02151 0.00342 -0.00044 0.99976
1706352275.744301081 -0.30970 -0.00519 -0.25930 0.02154 0.00339 -0.00039 0.99976
1706352275.754301071 -0.31052 -0.00343 -0.26418 0.02158 0.00339 -0.00035 0.99976
1706352275.764301062 -0.31135 -0.00167 -0.26978 0.02162 0.00339 -0.00033 0.99976
1706352275.774301052 -0.31219 0.00009 -0.27611 0.02165 0.00339 -0.00032 0.99976
1706352275.784301043 -0.31300 0.00179 -0.28276 0.02176 0.00337 -0.00033 0.99976
1706352275.794301033 -0.31368 0.00309 -0.28755 0.02234 0.00326 -0.00036 0.99974
1706352275.804301023 -0.31408 0.00360 -0.28786 0.02386 0.00297 -0.00042 0.99971
1706352275.814301014 -0.31413 0.00309 -0.28219 0.02654 0.00246 -0.00050 0.99964
1706352275.824301004 -0.31406 0.00210 -0.27363 0.02968 0.00188 -0.00059 0.99956
1706352275.834300995 -0.31415 0.00135 -0.26645 0.03236 0.00141 -0.00068 0.99948
1706352275.844300985 -0.31461 0.00140 -0.26392 0.03386 0.00119 -0.00077 0.99943
1706352275.854300976 -0.31537 0.00208 -0.26538 0.03444 0.00117 -0.00085 0.99941
1706352275.864300966 -0.31628 0.00309 -0.26918 0.03455 0.00124 -0.00093 0.99940
1706352275.874300957 -0.31722 0.00415 -0.27396 0.03461 0.00131 -0.00102 0.99940
1706352275.884300947 -0.31816 0.00521 -0.27945 0.03466 0.00137 -0.00111 0.99940
1706352275.894300938 -0.31912 0.00624 -0.28568 0.03471 0.00142 -0.00118 0.99940
1706352275.904300928 -0.32009 0.00716 -0.29225 0.03468 0.00146 -0.00126 0.99940
1706352275.914300919 -0.32118 0.00748 -0.29713 0.03429 0.00147 -0.00134 0.99941
1706352275.924300909 -0.32248 0.00666 -0.29784 0.03316 0.00142 -0.00148 0.99945
1706352275.934300900 -0.32404 0.00441 -0.29296 0.03114 0.00131 -0.00168 0.99951
1706352275.944300890 -0.32577 0.00158 -0.28509 0.02877 0.00117 -0.00189 0.99958
1706352275.954300880 -0.32750 -0.00072 -0.27784 0.02676 0.00108 -0.00206 0.99964
1706352275.964301109 -0.32910 -0.00164 -0.27403 0.02566 0.00107 -0.00215 0.99967
1706352275.974301100 -0.33060 -0.00143 -0.27317 0.02532 0.00109 -0.00219 0.99968
1706352275.984301090 -0.33202 -0.00063 -0.27398 0.02536 0.00107 -0.00224 0.99968
1706352275.994301081 -0.33341 0.00030 -0.27540 0.02551 0.00094 -0.00234 0.99967
1706352276.004301071 -0.33478 0.00126 -0.27730 0.02566 0.00074 -0.00248 0.99967
1706352276.014301062 -0.33617 0.00223 -0.27982 0.02579 0.00054 -0.00268 0.99966
1706352276.024301052 -0.33755 0.00343 -0.28264 0.02585 0.00037 -0.00292 0.99966
1706352276.034301043 -0.33872 0.00601 -0.28377 0.02584 0.00014 -0.00317 0.99966
1706352276.044301033 -0.33944 0.01138 -0.28078 0.02574 -0.00027 -0.00340 0.99966
1706352276.054301023 -0.33959 0.02028 -0.27230 0.02556 -0.00093 -0.00358 0.99967
1706352276.064301014 -0.33948 0.03074 -0.26125 0.02535 -0.00166 -0.00375 0.99967
1706352276.074301004 -0.33955 0.04013 -0.25161 0.02517 -0.00227 -0.00395 0.99967
1706352276.084300995 -0.34014 0.04649 -0.24644 0.02507 -0.00260 -0.00422 0.99967
1706352276.094300985 -0.34113 0.05037 -0.24509 0.02504 -0.00269 -0.00455 0.99967
1706352276.104300976 -0.34235 0.05302 -0.24601 0.02502 -0.00267 -0.00490 0.99967
1706352276.114300966 -0.34361 0.05544 -0.24789 0.02501 -0.00261 -0.00526 0.99967
1706352276.124300957 -0.34488 0.05787 -0.25049 0.02499 -0.00254 -0.00563 0.99967
1706352276.134300947 -0.34615 0.06030 -0.25380 0.02501 -0.00247 -0.00600 0.99967
1706352276.144300938 -0.34741 0.06262 -0.25759 0.02497 -0.00241 -0.00639 0.99966
1706352276.154300928 -0.34861 0.06409 -0.26050 0.02434 -0.00243 -0.00681 0.99968
1706352276.164300919 -0.34966 0.06386 -0.26093 0.02250 -0.00259 -0.00730 0.99972
1706352276.174300909 -0.35055 0.06149 -0.25797 0.01911 -0.00291 -0.00786 0.99978
1706352276.184300900 -0.35138 0.05817 -0.25346 0.01509 -0.00328 -0.00846 0.99984
1706352276.194300890 -0.35232 0.05555 -0.24997 0.01169 -0.00357 -0.00905 0.99988
1706352276.204300880 -0.35348 0.05485 -0.24949 0.00983 -0.00367 -0.00961 0.99990
1706352276.214301109 -0.35481 0.05573 -0.25165 0.00922 -0.00362 -0.01015 0.99990
1706352276.224301100 -0.35623 0.05742 -0.25546 0.00927 -0.00350 -0.01070 0.99989
1706352276.234301090 -0.35767 0.05929 -0.26013 0.00948 -0.00338 -0.01129 0.99989
1706352276.244301081 -0.35911 0.06117 -0.26551 0.00969 -0.00328 -0.01190 0.99988
1706352276.254301071 -0.36055 0.06302 -0.27161 0.00982 -0.00322 -0.01252 0.99987
1706352276.264301062 -0.36198 0.06479 -0.27798 0.00988 -0.00317 -0.01312 0.99986
1706352276.274301052 -0.36339 0.06642 -0.28221 0.01024 -0.00301 -0.01364 0.99985
1706352276.284301043 -0.36480 0.06787 -0.28143 0.01135 -0.00257 -0.01405 0.99983
1706352276.294301033 -0.36618 0.06909 -0.27398 0.01345 -0.00176 -0.01431 0.99981
1706352276.304301023 -0.36754 0.07006 -0.26323 0.01598 -0.00080 -0.01453 0.99977
1706352276.314301014 -0.36887 0.07078 -0.25378 0.01814 0.00003 -0.01485 0.99973
1706352276.324301004 -0.37017 0.07126 -0.24920 0.01936 0.00053 -0.01536 0.99969
1706352276.334300995 -0.37145 0.07157 -0.24879 0.01983 0.00076 -0.01603 0.99967
1706352276.344300985 -0.37272 0.07180 -0.25082 0.01993 0.00086 -0.01678 0.99966
1706352276.354300976 -0.37400 0.07202 -0.25383 0.01999 0.00093 -0.01755 0.99965
1706352276.364300966 -0.37527 0.07224 -0.25754 0.02007 0.00099 -0.01832 0.99963
1706352276.374300957 -0.37655 0.07248 -0.26197 0.02018 0.00103 -0.01912 0.99961
1706352276.384300947 -0.37782 0.07272 -0.26696 0.02036 0.00105 -0.01993 0.99959
1706352276.394300938 -0.37910 0.07283 -0.27163 0.02075 0.00101 -0.02075 0.99957
1706352276.404300928 -0.38040 0.07265 -0.27492 0.02156 0.00087 -0.02152 0.99954
1706352276.414300919 -0.38174 0.07209 -0.27615 0.02288 0.00063 -0.02224 0.99949
1706352276.424300909 -0.38309 0.07124 -0.27604 0.02440 0.00033 -0.02292 0.99944
1706352276.434300900 -0.38443 0.07024 -0.27566 0.02570 0.00005 -0.02359 0.99939
1706352276.444300890 -0.38576 0.06920 -0.27592 0.02647 -0.00017 -0.02427 0.99935
1706352276.454300880 -0.38709 0.06814 -0.27693 0.02679 -0.00029 -0.02496 0.99933
1706352276.464301109 -0.38845 0.06702 -0.27863 0.02683 -0.00032 -0.02565 0.99931
1706352276.474301100 -0.38987 0.06585 -0.28097 0.02676 -0.00024 -0.02632 0.99930
1706352276.484301090 -0.39132 0.06465 -0.28397 0.02667 -0.00009 -0.02699 0.99928
1706352276.494301081 -0.39279 0.06349 -0.28767 0.02665 0.00007 -0.02768 0.99926
1706352276.504301071 -0.39427 0.06240 -0.29163 0.02678 0.00023 -0.02838 0.99924
1706352276.514301062 -0.39583 0.06148 -0.29360 0.02720 0.00045 -0.02913 0.99921
1706352276.524301052 -0.39754 0.06079 -0.29087 0.02805 0.00083 -0.02993 0.99916
1706352276.534301043 -0.39946 0.06035 -0.28194 0.02939 0.00142 -0.03080 0.99909
1706352276.544301033 -0.40145 0.05994 -0.27026 0.03094 0.00208 -0.03170 0.99902
1706352276.554301023 -0.40334 0.05927 -0.26047 0.03234 0.00266 -0.03259 0.99894
1706352276.564301014 -0.40502 0.05813 -0.25615 0.03329 0.00300 -0.03344 0.99888
1706352276.574301004 -0.40653 0.05657 -0.25644 0.03381 0.00317 -0.03425 0.99884
1706352276.584300995 -0.40796 0.05470 -0.25937 0.03395 0.00327 -0.03502 0.99880
1706352276.594300985 -0.40940 0.05264 -0.26331 0.03383 0.00336 -0.03576 0.99878
1706352276.604300976 -0.41085 0.05051 -0.26796 0.03359 0.00345 -0.03650 0.99876
1706352276.614300966 -0.41228 0.04842 -0.27332 0.03341 0.00351 -0.03727 0.99874
1706352276.624300957 -0.41364 0.04680 -0.27903 0.03354 0.00349 -0.03812 0.99870
1706352276.634300947 -0.41468 0.04745 -0.28308 0.03453 0.00324 -0.03906 0.99863
1706352276.644300938 -0.41509 0.05248 -0.28310 0.03704 0.00255 -0.04010 0.99851
1706352276.654300928 -0.41473 0.06297 -0.27773 0.04133 0.00135 -0.04125 0.99829
1706352276.664300919 -0.41404 0.07595 -0.26980 0.04632 -0.00004 -0.04245 0.99802
1706352276.674300909 -0.41362 0.08741 -0.26321 0.05055 -0.00119 -0.04362 0.99777
1706352276.684300900 -0.41394 0.09431 -0.26099 0.05294 -0.00177 -0.04471 0.99759
1706352276.694300890 -0.41486 0.09754 -0.26252 0.05392 -0.00191 -0.04575 0.99750
1706352276.704300880 -0.41607 0.09896 -0.26628 0.05424 -0.00183 -0.04674 0.99743
1706352276.714301109 -0.41733 0.10011 -0.27097 0.05455 -0.00174 -0.04773 0.99737
1706352276.724301100 -0.41859 0.10122 -0.27637 0.05483 -0.00167 -0.04868 0.99731
1706352276.734301090 -0.41986 0.10221 -0.28249 0.05496 -0.00165 -0.04959 0.99725
1706352276.744301081 -0.42111 0.10292 -0.28891 0.05473 -0.00169 -0.05046 0.99722
1706352276.754301071 -0.42235 0.10287 -0.29339 0.05372 -0.00196 -0.05137 0.99723
1706352276.764301062 -0.42355 0.10154 -0.29323 0.05145 -0.00259 -0.05245 0.99729
1706352276.774301052 -0.42471 0.09871 -0.28686 0.04774 -0.00369 -0.05376 0.99741
1706352276.784301043 -0.42586 0.09542 -0.27717 0.04352 -0.00494 -0.05518 0.99752
1706352276.794301033 -0.42707 0.09306 -0.26819 0.04003 -0.00600 -0.05654 0.99758
1706352276.804301023 -0.42837 0.09267 -0.26307 0.03819 -0.00657 -0.05772 0.99758
1706352276.814301014 -0.42973 0.09385 -0.26136 0.03767 -0.00677 -0.05876 0.99754
1706352276.824301004 -0.43113 0.09582 -0.26167 0.03782 -0.00679 -0.05975 0.99747
1706352276.834300995 -0.43253 0.09792 -0.26289 0.03808 -0.00679 -0.06075 0.99740
1706352276.844300985 -0.43395 0.09999 -0.26477 0.03831 -0.00676 -0.06176 0.99733
1706352276.854300976 -0.43543 0.10198 -0.26730 0.03844 -0.00666 -0.06273 0.99727
1706352276.864300966 -0.43703 0.10369 -0.27026 0.03826 -0.00643 -0.06366 0.99722
1706352276.874300957 -0.43896 0.10435 -0.27261 0.03702 -0.00600 -0.06456 0.99721
1706352276.884300947 -0.44147 0.10304 -0.27309 0.03381 -0.00527 -0.06547 0.99727
1706352276.894300938 -0.44469 0.09933 -0.27089 0.02818 -0.00424 -0.06642 0.99738
1706352276.904300928 -0.44820 0.09469 -0.26716 0.02160 -0.00311 -0.06740 0.99749
1706352276.914300919 -0.45146 0.09105 -0.26353 0.01602 -0.00217 -0.06838 0.99753
1706352276.924300909 -0.45405 0.08988 -0.26135 0.01288 -0.00163 -0.06935 0.99751
1706352276.934300900 -0.45610 0.09067 -0.26060 0.01171 -0.00139 -0.07033 0.99745
1706352276.944300890 -0.45789 0.09248 -0.26089 0.01158 -0.00130 -0.07131 0.99739
1706352276.954300880 -0.45964 0.09450 -0.26189 0.01167 -0.00124 -0.07233 0.99731
1706352276.964301109 -0.46140 0.09657 -0.26356 0.01183 -0.00118 -0.07336 0.99723
1706352276.974301100 -0.46315 0.09869 -0.26592 0.01206 -0.00114 -0.07441 0.99715
1706352276.984301090 -0.46488 0.10081 -0.26877 0.01236 -0.00113 -0.07546 0.99707
1706352276.994301081 -0.46659 0.10278 -0.27100 0.01275 -0.00122 -0.07646 0.99699
1706352277.004301071 -0.46823 0.10440 -0.27128 0.01324 -0.00146 -0.07739 0.99691
1706352277.014301062 -0.46981 0.10556 -0.26881 0.01382 -0.00188 -0.07821 0.99684
1706352277.024301052 -0.47138 0.10646 -0.26483 0.01439 -0.00234 -0.07898 0.99677
1706352277.034301043 -0.47300 0.10739 -0.26109 0.01480 -0.00269 -0.07978 0.99670
1706352277.044301033 -0.47472 0.10859 -0.25900 0.01496 -0.00280 -0.08068 0.99662
1706352277.054301023 -0.47650 0.11004 -0.25847 0.01501 -0.00274 -0.08166 0.99654
1706352277.064301014 -0.47830 0.11170 -0.25908 0.01512 -0.00264 -0.08270 0.99646
1706352277.074301004 -0.48007 0.11349 -0.26045 0.01543 -0.00258 -0.08377 0.99636
1706352277.084300995 -0.48182 0.11535 -0.26253 0.01587 -0.00257 -0.08486 0.99626
1706352277.094300985 -0.48356 0.11722 -0.26530 0.01630 -0.00258 -0.08597 0.99616
1706352277.104300976 -0.48529 0.11909 -0.26861 0.01669 -0.00262 -0.08708 0.99606
1706352277.114300966 -0.48692 0.12121 -0.27163 0.01737 -0.00273 -0.08817 0.99595
1706352277.124300957 -0.48832 0.12390 -0.27339 0.01875 -0.00301 -0.08920 0.99583
1706352277.134300947 -0.48943 0.12730 -0.27323 0.02107 -0.00347 -0.09016 0.99570
1706352277.144300938 -0.49038 0.13091 -0.27191 0.02375 -0.00400 -0.09109 0.99555
1706352277.154300928 -0.49139 0.13407 -0.27051 0.02602 -0.00441 -0.09204 0.99541
1706352277.164300919 -0.49259 0.13628 -0.26994 0.02731 -0.00457 -0.09306 0.99528
1706352277.174300909 -0.49394 0.13777 -0.27029 0.02786 -0.00457 -0.09414 0.99516
1706352277.184300900 -0.49535 0.13892 -0.27145 0.02810 -0.00450 -0.09528 0.99504
1706352277.194300890 -0.49675 0.14007 -0.27333 0.02838 -0.00447 -0.09645 0.99492
1706352277.204300880 -0.49813 0.14123 -0.27589 0.02869 -0.00448 -0.09762 0.99480
1706352277.214301109 -0.49954 0.14236 -0.27913 0.02897 -0.00447 -0.09877 0.99468
1706352277.224301100 -0.50101 0.14337 -0.28265 0.02914 -0.00445 -0.09989 0.99456
1706352277.234301090 -0.50273 0.14409 -0.28452 0.02911 -0.00446 -0.10104 0.99445
1706352277.244301081 -0.50490 0.14432 -0.28239 0.02875 -0.00457 -0.10231 0.99433
1706352277.254301071 -0.50764 0.14394 -0.27496 0.02805 -0.00480 -0.10374 0.99420
1706352277.264301062 -0.51063 0.14318 -0.26497 0.02715 -0.00508 -0.10524 0.99406
1706352277.274301052 -0.51348 0.14235 -0.25616 0.02628 -0.00526 -0.10667 0.99393
1706352277.284301043 -0.51588 0.14170 -0.25145 0.02564 -0.00527 -0.10794 0.99381
1706352277.294301033 -0.51791 0.14128 -0.25025 0.02529 -0.00514 -0.10908 0.99370
1706352277.304301023 -0.51971 0.14107 -0.25115 0.02529 -0.00499 -0.11019 0.99358
1706352277.314301014 -0.52144 0.14104 -0.25297 0.02563 -0.00487 -0.11132 0.99344
1706352277.324301004 -0.52314 0.14110 -0.25547 0.02613 -0.00481 -0.11247 0.99330
1706352277.334300995 -0.52484 0.14113 -0.25867 0.02659 -0.00478 -0.11362 0.99316
1706352277.344300985 -0.52656 0.14101 -0.26228 0.02679 -0.00480 -0.11475 0.99302
1706352277.354300976 -0.52842 0.14061 -0.26476 0.02652 -0.00491 -0.11587 0.99290
1706352277.364300966 -0.53053 0.13978 -0.26425 0.02558 -0.00521 -0.11699 0.99279
1706352277.374300957 -0.53295 0.13847 -0.25970 0.02387 -0.00570 -0.11812 0.99270
1706352277.384300947 -0.53552 0.13690 -0.25315 0.02186 -0.00626 -0.11924 0.99260
1706352277.394300938 -0.53803 0.13538 -0.24746 0.02013 -0.00670 -0.12034 0.99251
1706352277.404300928 -0.54031 0.13414 -0.24482 0.01914 -0.00687 -0.12141 0.99239
1706352277.414300919 -0.54241 0.13317 -0.24488 0.01879 -0.00686 -0.12245 0.99227
1706352277.424300909 -0.54439 0.13239 -0.24662 0.01887 -0.00678 -0.12349 0.99214
1706352277.434300900 -0.54633 0.13170 -0.24921 0.01918 -0.00673 -0.12453 0.99201
1706352277.444300890 -0.54825 0.13104 -0.25251 0.01954 -0.00676 -0.12556 0.99187
1706352277.454300880 -0.55014 0.13030 -0.25654 0.01979 -0.00690 -0.12657 0.99174
1706352277.464301109 -0.55203 0.12946 -0.26095 0.01981 -0.00716 -0.12752 0.99161
1706352277.474301100 -0.55400 0.12876 -0.26384 0.01958 -0.00757 -0.12828 0.99152
1706352277.484301090 -0.55617 0.12849 -0.26290 0.01913 -0.00813 -0.12870 0.99147
1706352277.494301081 -0.55859 0.12882 -0.25681 0.01852 -0.00884 -0.12872 0.99147
1706352277.504301071 -0.56113 0.12948 -0.24817 0.01790 -0.00954 -0.12860 0.99149
1706352277.514301062 -0.56360 0.13005 -0.24053 0.01742 -0.01006 -0.12873 0.99148
1706352277.524301052 -0.56584 0.13024 -0.23667 0.01724 -0.01027 -0.12936 0.99139
1706352277.534301043 -0.56788 0.13020 -0.23609 0.01741 -0.01027 -0.13042 0.99125
1706352277.544301033 -0.56977 0.13016 -0.23748 0.01799 -0.01020 -0.13172 0.99107
1706352277.554301023 -0.57159 0.13031 -0.23975 0.01894 -0.01018 -0.13312 0.99087
1706352277.564301014 -0.57338 0.13047 -0.24270 0.01988 -0.01020 -0.13454 0.99066
1706352277.574301004 -0.57523 0.13038 -0.24633 0.02036 -0.01020 -0.13592 0.99046
1706352277.584300995 -0.57721 0.12974 -0.25045 0.02008 -0.01011 -0.13722 0.99028
1706352277.594300985 -0.57950 0.12811 -0.25396 0.01929 -0.00983 -0.13852 0.99012
1706352277.604300976 -0.58228 0.12497 -0.25558 0.01838 -0.00923 -0.13989 0.98995
1706352277.614300966 -0.58561 0.12014 -0.25448 0.01772 -0.00826 -0.14139 0.98976
1706352277.624300957 -0.58908 0.11462 -0.25177 0.01743 -0.00718 -0.14296 0.98955
1706352277.634300947 -0.59212 0.10973 -0.24903 0.01761 -0.00629 -0.14453 0.98932
1706352277.644300938 -0.59436 0.10642 -0.24751 0.01826 -0.00585 -0.14603 0.98909
1706352277.654300928 -0.59601 0.10424 -0.24724 0.01902 -0.00572 -0.14743 0.98887
1706352277.664300919 -0.59742 0.10238 -0.24792 0.01943 -0.00571 -0.14871 0.98867
1706352277.674300909 -0.59890 0.10023 -0.24929 0.01918 -0.00563 -0.14985 0.98851
1706352277.684300900 -0.60046 0.09785 -0.25130 0.01855 -0.00550 -0.15094 0.98835
1706352277.694300890 -0.60202 0.09549 -0.25395 0.01792 -0.00535 -0.15203 0.98820
1706352277.704300880 -0.60356 0.09344 -0.25708 0.01769 -0.00518 -0.15321 0.98802
1706352277.714301109 -0.60506 0.09222 -0.25982 0.01807 -0.00497 -0.15442 0.98783
1706352277.724301100 -0.60657 0.09237 -0.26116 0.01926 -0.00466 -0.15563 0.98762
1706352277.734301090 -0.60807 0.09415 -0.26046 0.02133 -0.00421 -0.15679 0.98739
1706352277.744301081 -0.60945 0.09655 -0.25875 0.02375 -0.00374 -0.15794 0.98716
1706352277.754301071 -0.61061 0.09830 -0.25747 0.02589 -0.00338 -0.15914 0.98691
1706352277.764301062 -0.61147 0.09841 -0.25775 0.02722 -0.00319 -0.16042 0.98667
1706352277.774301052 -0.61213 0.09713 -0.25948 0.02779 -0.00311 -0.16174 0.98644
1706352277.784301043 -0.61276 0.09504 -0.26224 0.02779 -0.00300 -0.16304 0.98622
1706352277.794301033 -0.61348 0.09263 -0.26566 0.02743 -0.00276 -0.16428 0.98603
1706352277.804301023 -0.61424 0.09013 -0.26972 0.02695 -0.00245 -0.16550 0.98584
1706352277.814301014 -0.61497 0.08772 -0.27445 0.02661 -0.00219 -0.16676 0.98564
1706352277.824301004 -0.61562 0.08570 -0.27947 0.02664 -0.00206 -0.16815 0.98540
1706352277.834300995 -0.61636 0.08505 -0.28264 0.02709 -0.00210 -0.16978 0.98511
1706352277.844300985 -0.61739 0.08689 -0.28140 0.02800 -0.00236 -0.17181 0.98473
1706352277.854300976 -0.61882 0.09181 -0.27426 0.02931 -0.00284 -0.17429 0.98425
1706352277.864300966 -0.62034 0.09815 -0.26413 0.03071 -0.00343 -0.17693 0.98374
1706352277.874300957 -0.62154 0.10373 -0.25502 0.03184 -0.00401 -0.17934 0.98326
1706352277.884300947 -0.62213 0.10688 -0.25001 0.03241 -0.00445 -0.18125 0.98289
1706352277.894300938 -0.62227 0.10802 -0.24855 0.03245 -0.00476 -0.18277 0.98261
1706352277.904300928 -0.62223 0.10810 -0.24918 0.03209 -0.00492 -0.18412 0.98237
1706352277.914300919 -0.62222 0.10793 -0.25065 0.03146 -0.00495 -0.18547 0.98213
1706352277.924300909 -0.62227 0.10775 -0.25273 0.03078 -0.00486 -0.18687 0.98189
1706352277.934300900 -0.62234 0.10769 -0.25539 0.03031 -0.00466 -0.18831 0.98163
1706352277.944300890 -0.62244 0.10784 -0.25829 0.03028 -0.00442 -0.18979 0.98135
1706352277.954300880 -0.62265 0.10818 -0.25980 0.03092 -0.00439 -0.19138 0.98102
1706352277.964301109 -0.62310 0.10870 -0.25796 0.03244 -0.00487 -0.19314 0.98062
1706352277.974301100 -0.62385 0.10934 -0.25167 0.03488 -0.00601 -0.19511 0.98014
1706352277.984301090 -0.62472 0.10994 -0.24334 0.03760 -0.00747 -0.19714 0.97963
1706352277.994301081 -0.62551 0.11031 -0.23627 0.03982 -0.00878 -0.19905 0.97914
1706352278.004301071 -0.62605 0.11030 -0.23299 0.04093 -0.00956 -0.20071 0.97875
1706352278.014301062 -0.62643 0.11001 -0.23295 0.04116 -0.00988 -0.20218 0.97843
1706352278.024301052 -0.62675 0.10956 -0.23483 0.04093 -0.00991 -0.20353 0.97816
1706352278.034301043 -0.62713 0.10906 -0.23751 0.04062 -0.00980 -0.20486 0.97790
1706352278.044301033 -0.62754 0.10859 -0.24080 0.04036 -0.00962 -0.20621 0.97763
1706352278.054301023 -0.62794 0.10818 -0.24472 0.04023 -0.00942 -0.20759 0.97734
1706352278.064301014 -0.62832 0.10791 -0.24915 0.04035 -0.00932 -0.20904 0.97703
1706352278.074301004 -0.62869 0.10799 -0.25328 0.04110 -0.00972 -0.21049 0.97668
1706352278.084300995 -0.62911 0.10866 -0.25618 0.04288 -0.01105 -0.21189 0.97629
1706352278.094300985 -0.62962 0.11003 -0.25721 0.04588 -0.01356 -0.21319 0.97584
1706352278.104300976 -0.63020 0.11181 -0.25705 0.04935 -0.01653 -0.21446 0.97535
1706352278.114300966 -0.63083 0.11360 -0.25676 0.05233 -0.01903 -0.21576 0.97486
1706352278.124300957 -0.63149 0.11507 -0.25721 0.05407 -0.02036 -0.21716 0.97442
1706352278.134300947 -0.63219 0.11624 -0.25853 0.05480 -0.02080 -0.21865 0.97404
1706352278.144300938 -0.63288 0.11722 -0.26065 0.05497 -0.02083 -0.22017 0.97369
1706352278.154300928 -0.63355 0.11809 -0.26348 0.05495 -0.02087 -0.22167 0.97335
1706352278.164300919 -0.63422 0.11890 -0.26700 0.05486 -0.02096 -0.22318 0.97301
1706352278.174300909 -0.63493 0.11966 -0.27116 0.05471 -0.02101 -0.22471 0.97266
1706352278.184300900 -0.63569 0.12020 -0.27561 0.05437 -0.02097 -0.22625 0.97232
1706352278.194300890 -0.63657 0.11954 -0.27865 0.05310 -0.02080 -0.22775 0.97205
1706352278.204300880 -0.63761 0.11651 -0.27822 0.05001 -0.02042 -0.22912 0.97190
1706352278.214301109 -0.63885 0.11052 -0.27315 0.04467 -0.01983 -0.23031 0.97189
1706352278.224301100 -0.64012 0.10336 -0.26575 0.03846 -0.01916 -0.23144 0.97190
1706352278.234301090 -0.64121 0.09743 -0.25926 0.03322 -0.01859 -0.23265 0.97182
1706352278.244301081 -0.64198 0.09450 -0.25619 0.03034 -0.01822 -0.23407 0.97157
1706352278.254301071 -0.64251 0.09399 -0.25612 0.02935 -0.01802 -0.23566 0.97122
1706352278.264301062 -0.64293 0.09467 -0.25784 0.02932 -0.01785 -0.23732 0.97082
1706352278.274301052 -0.64337 0.09556 -0.26037 0.02948 -0.01765 -0.23898 0.97042
1706352278.284301043 -0.64383 0.09645 -0.26354 0.02967 -0.01743 -0.24062 0.97001
1706352278.294301033 -0.64428 0.09735 -0.26735 0.02991 -0.01722 -0.24226 0.96960
1706352278.304301023 -0.64473 0.09820 -0.27142 0.03019 -0.01701 -0.24391 0.96918
1706352278.314301014 -0.64531 0.09875 -0.27365 0.03055 -0.01652 -0.24550 0.96877
1706352278.324301004 -0.64618 0.09866 -0.27150 0.03103 -0.01544 -0.24697 0.96840
1706352278.334300995 -0.64741 0.09774 -0.26361 0.03164 -0.01359 -0.24829 0.96807
1706352278.344300985 -0.64878 0.09646 -0.25323 0.03229 -0.01143 -0.24955 0.96776
1706352278.354300976 -0.64999 0.09538 -0.24477 0.03285 -0.00958 -0.25085 0.96742
1706352278.364300966 -0.65081 0.09497 -0.24159 0.03325 -0.00848 -0.25229 0.96704
1706352278.374300957 -0.65134 0.09510 -0.24287 0.03351 -0.00801 -0.25384 0.96663
1706352278.384300947 -0.65170 0.09548 -0.24668 0.03368 -0.00785 -0.25546 0.96620
1706352278.394300938 -0.65204 0.09588 -0.25145 0.03380 -0.00776 -0.25711 0.96576
1706352278.404300928 -0.65239 0.09626 -0.25686 0.03386 -0.00768 -0.25877 0.96531
1706352278.414300919 -0.65276 0.09661 -0.26292 0.03387 -0.00758 -0.26045 0.96486
1706352278.424300909 -0.65314 0.09692 -0.26931 0.03381 -0.00744 -0.26212 0.96442
1706352278.434300900 -0.65343 0.09723 -0.27449 0.03358 -0.00728 -0.26374 0.96398
1706352278.444300890 -0.65352 0.09754 -0.27660 0.03309 -0.00714 -0.26524 0.96359
1706352278.454300880 -0.65332 0.09788 -0.27457 0.03231 -0.00703 -0.26661 0.96324
1706352278.464301109 -0.65300 0.09825 -0.27051 0.03142 -0.00692 -0.26792 0.96290
1706352278.474301100 -0.65275 0.09867 -0.26733 0.03069 -0.00678 -0.26929 0.96255
1706352278.484301090 -0.65273 0.09913 -0.26725 0.03032 -0.00659 -0.27081 0.96213
1706352278.494301081 -0.65288 0.09965 -0.26990 0.03027 -0.00640 -0.27244 0.96168
1706352278.504301071 -0.65307 0.10021 -0.27423 0.03046 -0.00626 -0.27413 0.96119
1706352278.514301062 -0.65322 0.10081 -0.27937 0.03078 -0.00623 -0.27582 0.96070
1706352278.524301052 -0.65336 0.10139 -0.28515 0.03109 -0.00624 -0.27751 0.96020
1706352278.534301043 -0.65353 0.10189 -0.29158 0.03126 -0.00625 -0.27919 0.95971
1706352278.544301033 -0.65378 0.10227 -0.29811 0.03116 -0.00616 -0.28089 0.95921
1706352278.554301023 -0.65413 0.10258 -0.30184 0.03085 -0.00586 -0.28262 0.95872
1706352278.564301014 -0.65458 0.10290 -0.29931 0.03039 -0.00520 -0.28444 0.95820
1706352278.574301004 -0.65513 0.10327 -0.28861 0.02987 -0.00412 -0.28635 0.95765
1706352278.584300995 -0.65567 0.10371 -0.27404 0.02942 -0.00287 -0.28832 0.95708
1706352278.594300985 -0.65611 0.10417 -0.26148 0.02914 -0.00181 -0.29025 0.95650
1706352278.604300976 -0.65637 0.10463 -0.25540 0.02912 -0.00118 -0.29211 0.95594
1706352278.614300966 -0.65649 0.10506 -0.25479 0.02923 -0.00090 -0.29391 0.95538
1706352278.624300957 -0.65657 0.10542 -0.25725 0.02928 -0.00077 -0.29570 0.95483
1706352278.634300947 -0.65668 0.10569 -0.26075 0.02914 -0.00066 -0.29751 0.95427
1706352278.644300938 -0.65680 0.10591 -0.26490 0.02893 -0.00052 -0.29932 0.95371
1706352278.654300928 -0.65692 0.10616 -0.26967 0.02880 -0.00038 -0.30113 0.95315
1706352278.664300919 -0.65702 0.10649 -0.27504 0.02886 -0.00021 -0.30293 0.95258
1706352278.674300909 -0.65711 0.10686 -0.28103 0.02907 -0.00004 -0.30473 0.95199
1706352278.684300900 -0.65719 0.10726 -0.28766 0.02933 0.00013 -0.30654 0.95140
1706352278.694300890 -0.65726 0.10763 -0.29495 0.02957 0.00030 -0.30838 0.95080
1706352278.704300880 -0.65734 0.10797 -0.30290 0.02974 0.00045 -0.31023 0.95020
1706352278.714301109 -0.65742 0.10825 -0.31153 0.02984 0.00058 -0.31206 0.94959
1706352278.724301100 -0.65751 0.10847 -0.32082 0.02985 0.00069 -0.31387 0.94900
1706352278.734301090 -0.65763 0.10863 -0.33077 0.02977 0.00080 -0.31564 0.94841
1706352278.744301081 -0.65778 0.10873 -0.34137 0.02962 0.00093 -0.31740 0.94783
1706352278.754301071 -0.65796 0.10881 -0.35260 0.02943 0.00110 -0.31915 0.94725
1706352278.764301062 -0.65807 0.10897 -0.36448 0.02941 0.00121 -0.32095 0.94664
