1577837174.185450077 -0.26302 0.00236 -0.30295 0.02676 -0.05306 0.00142 0.99823
1577837174.195450068 -0.26302 0.00236 -0.30295 0.02676 -0.05306 0.00142 0.99823
1577837174.205450058 -0.26302 0.00236 -0.30295 0.02676 -0.05306 0.00142 0.99823
1577837174.215450048 -0.26302 0.00236 -0.30295 0.02676 -0.05306 0.00142 0.99823
1577837174.225450039 -0.26306 0.00236 -0.30300 0.02677 -0.05306 0.00142 0.99823
1577837174.235450029 -0.26331 0.00234 -0.30335 0.02677 -0.05307 0.00142 0.99823
1577837174.245450020 -0.26401 0.00228 -0.30429 0.02678 -0.05308 0.00142 0.99823
1577837174.255450010 -0.26524 0.00216 -0.30607 0.02680 -0.05311 0.00141 0.99823
1577837174.265450001 -0.26654 0.00201 -0.30875 0.02682 -0.05313 0.00140 0.99823
1577837174.275449991 -0.26735 0.00185 -0.31231 0.02683 -0.05313 0.00140 0.99823
1577837174.285449982 -0.26726 0.00169 -0.31676 0.02682 -0.05310 0.00141 0.99823
1577837174.295449972 -0.26650 0.00158 -0.32210 0.02680 -0.05307 0.00143 0.99823
1577837174.305449963 -0.26549 0.00159 -0.32831 0.02676 -0.05304 0.00144 0.99823
1577837174.315450191 -0.26362 0.00082 -0.33516 0.02677 -0.05303 0.00143 0.99823
1577837174.325450182 -0.25612 -0.00533 -0.34142 0.02706 -0.05304 0.00142 0.99822
1577837174.335450172 -0.23722 -0.02242 -0.34561 0.02791 -0.05306 0.00139 0.99820
1577837174.345450163 -0.20491 -0.05130 -0.34717 0.02952 -0.05307 0.00136 0.99815
1577837174.355450153 -0.17237 -0.07402 -0.34916 0.03176 -0.05308 0.00134 0.99808
1577837174.365450144 -0.15655 -0.06795 -0.35550 0.03441 -0.05309 0.00132 0.99800
1577837174.375450134 -0.16791 -0.02052 -0.36832 0.03713 -0.05310 0.00133 0.99790
1577837174.385450125 -0.19089 0.04066 -0.38227 0.03903 -0.05312 0.00135 0.99782
1577837174.395450115 -0.20344 0.07787 -0.39018 0.03914 -0.05312 0.00137 0.99782
1577837174.405450106 0.37453 -0.58568 -0.28993 0.03686 -0.05311 0.00139 0.99791
1577837174.415450096 4.35512 -5.18320 0.40034 0.03327 -0.05307 0.00140 0.99804
1577837174.425450087 15.10849 -17.58702 2.25744 0.02986 -0.05303 0.00138 0.99815
1577837174.435450077 34.08891 -39.92729 5.82932 0.02778 -0.05299 0.00135 0.99821
1577837174.445450068 55.08728 -67.36545 11.54878 0.02685 -0.05297 0.00133 0.99823
1577837174.455450058 69.97866 -93.32077 19.81979 0.02656 -0.05299 0.00132 0.99824
1577837174.465450048 72.64892 -111.04967 29.98128 0.02648 -0.05304 0.00136 0.99824
1577837174.475450039 65.02716 -113.15715 37.11197 0.02647 -0.05310 0.00141 0.99824
1577837174.485450029 51.05333 -92.08535 35.22548 0.02649 -0.05315 0.00145 0.99823
1577837174.495450020 34.52621 -45.47101 20.94760 0.02650 -0.05316 0.00145 0.99823
1577837174.505450010 18.68015 8.27075 1.35272 0.02651 -0.05315 0.00146 0.99823
1577837174.515450001 6.60836 45.53024 -13.87265 0.02654 -0.05316 0.00152 0.99823
1577837174.525449991 0.48563 49.76453 -17.63441 0.02660 -0.05321 0.00167 0.99823
1577837174.535449982 -1.18678 32.69799 -13.20827 0.02667 -0.05329 0.00185 0.99822
1577837174.545449972 -0.82602 13.12176 -6.46236 0.02670 -0.05337 0.00198 0.99822
1577837174.555449963 -0.42493 5.45359 -2.11107 0.02669 -0.05343 0.00201 0.99821
1577837174.565450191 -0.27898 6.61766 -0.25385 0.02664 -0.05348 0.00196 0.99821
1577837174.575450182 -0.25934 9.16471 0.16364 0.02660 -0.05350 0.00191 0.99821
1577837174.585450172 -0.25904 7.40685 0.05304 0.02660 -0.05350 0.00191 0.99821
1577837174.595450163 -0.25870 2.70154 -0.24469 0.02658 -0.05348 0.00192 0.99821
1577837174.605450153 -0.26082 -1.83242 -0.53125 0.02649 -0.05344 0.00190 0.99822
1577837174.615450144 -0.26683 -3.79358 -0.65385 0.02629 -0.05338 0.00181 0.99823
1577837174.625450134 -0.27391 -3.64976 -0.64169 0.02606 -0.05334 0.00169 0.99823
1577837174.635450125 -0.27815 -2.58613 -0.56950 0.02590 -0.05336 0.00159 0.99824
1577837174.645450115 -0.27684 -1.58913 -0.49962 0.02588 -0.05344 0.00157 0.99823
1577837174.655450106 -0.27196 -0.85021 -0.44506 0.02596 -0.05356 0.00158 0.99823
1577837174.665450096 -0.26669 -0.36208 -0.40646 0.02607 -0.05363 0.00160 0.99822
1577837174.675450087 -0.26348 -0.10516 -0.38349 0.02617 -0.05361 0.00159 0.99822
1577837174.685450077 -0.26208 -0.01060 -0.37201 0.02623 -0.05355 0.00156 0.99822
1577837174.695450068 -0.26150 0.00272 -0.36690 0.02626 -0.05349 0.00154 0.99822
1577837174.705450058 -0.26099 0.00243 -0.36398 0.02625 -0.05347 0.00154 0.99822
1577837174.715450048 -0.26054 0.00213 -0.36282 0.02624 -0.05348 0.00157 0.99822
1577837174.725450039 -0.26035 0.00186 -0.36393 0.02626 -0.05345 0.00160 0.99822
1577837174.735450029 -0.26056 0.00169 -0.36740 0.02633 -0.05337 0.00162 0.99823
1577837174.745450020 -0.26105 0.00156 -0.37165 0.02643 -0.05326 0.00162 0.99823
1577837174.755450010 -0.26165 0.00142 -0.37466 0.02654 -0.05318 0.00158 0.99823
1577837174.765450001 -0.26222 0.00121 -0.37501 0.02661 -0.05315 0.00148 0.99823
1577837174.775449991 -0.26274 0.00093 -0.37352 0.02665 -0.05316 0.00137 0.99823
1577837174.785449982 -0.26324 0.00054 -0.37161 0.02668 -0.05318 0.00128 0.99823
1577837174.795449972 -0.26371 0.00010 -0.37049 0.02669 -0.05319 0.00125 0.99823
1577837174.805449963 -0.26406 -0.00024 -0.37060 0.02669 -0.05318 0.00124 0.99823
1577837174.815450191 -0.26418 -0.00025 -0.37218 0.02671 -0.05318 0.00121 0.99823
1577837174.825450182 -0.26401 0.00019 -0.37519 0.02673 -0.05320 0.00113 0.99823
1577837174.835450172 -0.26366 0.00083 -0.37849 0.02676 -0.05322 0.00104 0.99822
1577837174.845450163 -0.26326 0.00135 -0.38068 0.02677 -0.05326 0.00097 0.99822
1577837174.855450153 -0.26294 0.00150 -0.38076 0.02677 -0.05330 0.00097 0.99822
1577837174.865450144 -0.26274 0.00144 -0.37942 0.02675 -0.05334 0.00102 0.99822
1577837174.875450134 -0.26265 0.00142 -0.37775 0.02674 -0.05337 0.00106 0.99822
1577837174.885450125 -0.26268 0.00161 -0.37667 0.02674 -0.05338 0.00109 0.99822
1577837174.895450115 -0.26280 0.00194 -0.37645 0.02677 -0.05339 0.00109 0.99821
1577837174.905450106 -0.26296 0.00224 -0.37720 0.02683 -0.05342 0.00109 0.99821
1577837174.915450096 -0.26448 0.12616 -0.38547 0.02690 -0.05347 0.00110 0.99821
1577837174.925450087 -0.27405 0.99249 -0.43371 0.02696 -0.05353 0.00110 0.99820
1577837174.935450077 -0.29971 3.34381 -0.56082 0.02696 -0.05358 0.00112 0.99820
1577837174.945450068 -0.34491 7.55076 -0.77209 0.02687 -0.05359 0.00113 0.99820
1577837174.955450058 -0.39474 12.49634 -0.93838 0.02674 -0.05357 0.00114 0.99821
1577837174.965450048 -0.42972 16.69159 -0.89695 0.02664 -0.05352 0.00112 0.99821
1577837174.975450039 -0.43556 18.82194 -0.54104 0.02660 -0.05346 0.00109 0.99821
1577837174.985450029 -0.41871 18.27025 0.01217 0.02662 -0.05340 0.00105 0.99822
1577837174.995450020 -0.39084 14.59372 0.58949 0.02665 -0.05337 0.00102 0.99822
1577837175.005450010 -0.36637 7.90186 1.04250 0.02667 -0.05337 0.00102 0.99822
1577837175.015450001 -0.37073 0.51322 1.32175 0.02668 -0.05338 0.00101 0.99822
1577837175.025449991 -0.43210 -4.70136 1.40257 0.02671 -0.05335 0.00099 0.99822
1577837175.035449982 -0.56518 -5.72439 1.28292 0.02678 -0.05326 0.00091 0.99822
1577837175.045449972 -0.73070 -3.95191 1.05143 0.02685 -0.05315 0.00083 0.99823
1577837175.055449963 -0.87589 -1.63328 0.81941 0.02691 -0.05304 0.00076 0.99823
1577837175.065450191 -0.96430 -0.52106 0.67721 0.02694 -0.05297 0.00075 0.99823
1577837175.075450182 -1.02472 -0.38043 0.63140 0.02694 -0.05294 0.00077 0.99823
1577837175.085450172 -1.10224 -0.47975 0.66762 0.02693 -0.05293 0.00079 0.99823
1577837175.095450163 -1.21919 -0.25734 0.75774 0.02693 -0.05293 0.00079 0.99823
1577837175.105450153 -1.30666 0.16864 0.81865 0.02694 -0.05292 0.00080 0.99824
1577837175.115450144 -1.27295 0.51006 0.75348 0.02695 -0.05288 0.00082 0.99824
1577837175.125450134 -1.06175 0.55409 0.50307 0.02696 -0.05281 0.00088 0.99824
1577837175.135450125 -0.75817 0.38918 0.15920 0.02698 -0.05273 0.00095 0.99824
1577837175.145450115 -0.48270 0.17907 -0.14866 0.02699 -0.05268 0.00100 0.99825
1577837175.155450106 -0.32750 0.05367 -0.32185 0.02699 -0.05268 0.00099 0.99825
1577837175.165450096 -0.27136 0.00746 -0.38504 0.02699 -0.05271 0.00095 0.99824
1577837175.175450087 -0.26473 0.00106 -0.39371 0.02700 -0.05274 0.00091 0.99824
1577837175.185450077 -0.26636 0.00160 -0.39406 0.02701 -0.05274 0.00090 0.99824
1577837175.195450068 -0.26827 0.00213 -0.39499 0.02702 -0.05272 0.00089 0.99824
1577837175.205450058 -0.27076 0.00222 -0.39609 0.02699 -0.05268 0.00083 0.99825
1577837175.215450048 -0.27381 0.00190 -0.39632 0.02691 -0.05262 0.00069 0.99825
1577837175.225450039 -0.27598 0.00306 -0.39213 0.02680 -0.05258 0.00053 0.99826
1577837175.235450029 -0.27549 0.00805 -0.37932 0.02668 -0.05258 0.00042 0.99826
1577837175.245450020 -0.27141 0.01745 -0.35558 0.02658 -0.05264 0.00041 0.99826
1577837175.255450010 -0.26629 0.02478 -0.32610 0.02652 -0.05273 0.00046 0.99826
1577837175.265450001 -0.26355 0.02177 -0.29795 0.02654 -0.05280 0.00053 0.99825
1577837175.275449991 -0.26549 0.00391 -0.27745 0.02664 -0.05284 0.00055 0.99825
1577837175.285449982 -0.26999 -0.01835 -0.26789 0.02677 -0.05284 0.00055 0.99824
1577837175.295449972 -0.27386 -0.03084 -0.27183 0.02687 -0.05283 0.00054 0.99824
1577837175.305449963 -0.27460 -0.02416 -0.29027 0.02688 -0.05283 0.00054 0.99824
1577837175.315450191 -0.27266 -0.00814 -0.31812 0.02685 -0.05283 0.00054 0.99824
1577837175.325450182 -0.26921 0.00262 -0.34875 0.02686 -0.05282 0.00054 0.99824
1577837175.335450172 -0.26536 -0.00173 -0.37612 0.02694 -0.05280 0.00052 0.99824
1577837175.345450163 -0.26199 -0.01194 -0.39660 0.02708 -0.05277 0.00048 0.99824
1577837175.355450153 -0.25992 -0.01396 -0.40713 0.02723 -0.05276 0.00045 0.99824
1577837175.365450144 -0.25968 0.00142 -0.40644 0.02737 -0.05277 0.00043 0.99823
1577837175.375450134 -0.26070 0.02411 -0.40030 0.02746 -0.05279 0.00042 0.99823
1577837175.385450125 -0.26211 0.03922 -0.39622 0.02751 -0.05281 0.00041 0.99823
1577837175.395450115 -0.25283 -0.04355 -0.39911 0.02751 -0.05282 0.00041 0.99822
1577837175.405450106 -0.18098 -0.61602 -0.40335 0.02748 -0.05282 0.00041 0.99823
1577837175.415450096 0.01556 -2.14545 -0.40070 0.02744 -0.05283 0.00042 0.99823
1577837175.425450087 0.34695 -4.56802 -0.38447 0.02741 -0.05284 0.00043 0.99823
1577837175.435450077 0.61555 -5.69575 -0.35422 0.02740 -0.05286 0.00043 0.99823
1577837175.445450068 0.57180 -2.80963 -0.31106 0.02742 -0.05286 0.00040 0.99823
1577837175.455450058 0.06956 5.37505 -0.26041 0.02749 -0.05285 0.00035 0.99822
1577837175.465450048 -0.62350 14.40576 -0.22492 0.02756 -0.05282 0.00028 0.99822
1577837175.475450039 -1.13623 18.39565 -0.23154 0.02761 -0.05280 0.00024 0.99822
1577837175.485450029 -1.19481 13.44834 -0.29506 0.02761 -0.05279 0.00022 0.99822
1577837175.495450020 -0.91459 3.62934 -0.38154 0.02759 -0.05276 0.00023 0.99823
1577837175.505450010 -0.50822 -5.00537 -0.44490 0.02757 -0.05271 0.00023 0.99823
1577837175.515450001 -0.14567 -7.88993 -0.47551 0.02758 -0.05261 0.00023 0.99823
1577837175.525449991 0.17367 -6.41898 -0.60961 0.02764 -0.05251 0.00022 0.99824
1577837175.535449982 0.49309 -3.47726 -1.01991 0.02775 -0.05246 0.00021 0.99824
1577837175.545449972 0.82069 -1.40529 -1.73627 0.02792 -0.05250 0.00022 0.99823
1577837175.555449963 1.02382 -0.36668 -2.21730 0.02810 -0.05260 0.00023 0.99822
1577837175.565450191 0.93462 0.01922 -1.77874 0.02821 -0.05270 0.00023 0.99821
1577837175.575450182 0.47788 0.09068 -0.06455 0.02821 -0.05277 0.00021 0.99821
1577837175.585450172 -0.05110 0.01659 1.96864 0.02816 -0.05280 0.00018 0.99821
1577837175.595450163 -0.26438 -0.07654 3.03598 0.02812 -0.05283 0.00016 0.99821
1577837175.605450153 0.13373 -0.06307 2.15056 0.02813 -0.05285 0.00015 0.99821
1577837175.615450144 1.07006 0.17905 -0.48284 0.02816 -0.05287 0.00014 0.99820
1577837175.625450134 2.37917 0.77098 -4.36154 0.02813 -0.05288 0.00013 0.99820
1577837175.635450125 3.65409 1.71510 -9.07197 0.02800 -0.05288 0.00009 0.99821
1577837175.645450115 3.52150 2.53875 -14.55709 0.02782 -0.05288 0.00006 0.99821
1577837175.655450106 0.36653 2.65047 -20.84899 0.02766 -0.05289 0.00004 0.99822
1577837175.665450096 -6.79105 1.75795 -28.08720 0.02759 -0.05293 0.00006 0.99822
1577837175.675450087 -16.39291 0.76543 -36.84109 0.02757 -0.05298 0.00009 0.99821
1577837175.685450077 -26.24607 0.87627 -47.78746 0.02759 -0.05301 0.00011 0.99821
1577837175.695450068 -34.21696 2.78154 -60.46970 0.02762 -0.05302 0.00010 0.99821
1577837175.705450058 -38.40966 5.12308 -69.89749 0.02765 -0.05300 0.00008 0.99821
1577837175.715450048 -36.98765 6.03047 -69.94707 0.02768 -0.05300 0.00007 0.99821
1577837175.725450039 -29.12664 4.24408 -56.88465 0.02770 -0.05302 0.00009 0.99821
1577837175.735450029 -18.05127 0.94761 -36.53613 0.02770 -0.05308 0.00015 0.99821
1577837175.745450020 -7.99844 -2.06440 -17.11740 0.02770 -0.05315 0.00023 0.99820
1577837175.755450010 -2.24621 -3.38984 -5.05689 0.02769 -0.05324 0.00032 0.99820
1577837175.765450001 -0.23737 -3.19622 0.36658 0.02767 -0.05333 0.00041 0.99819
1577837175.775449991 -0.45592 -2.04346 1.66163 0.02766 -0.05339 0.00048 0.99819
1577837175.785449982 -1.55048 -0.41454 1.07285 0.02766 -0.05342 0.00050 0.99819
1577837175.795449972 -2.82820 1.51528 -0.21115 0.02761 -0.05347 0.00044 0.99819
1577837175.805449963 -3.76088 3.64768 -1.26575 0.02745 -0.05360 0.00026 0.99819
1577837175.815450191 -4.29913 5.71667 -1.77106 0.02717 -0.05384 -0.00004 0.99818
1577837175.825450182 -6.30892 6.78557 -3.82600 0.02687 -0.05411 -0.00034 0.99817
1577837175.835450172 -12.13505 5.75004 -10.13422 0.02670 -0.05426 -0.00047 0.99817
1577837175.845450163 -22.92259 2.24504 -22.07518 0.02675 -0.05421 -0.00033 0.99817
1577837175.855450153 -35.01773 -1.13729 -35.73163 0.02696 -0.05403 -0.00002 0.99818
1577837175.865450144 -43.56693 -1.06546 -45.86217 0.02720 -0.05383 0.00029 0.99818
1577837175.875450134 -44.90706 4.72564 -48.29118 0.02735 -0.05371 0.00049 0.99818
1577837175.885450125 -40.13666 14.23577 -43.10632 0.02744 -0.05365 0.00057 0.99818
1577837175.895450115 -31.54466 24.39835 -31.46106 0.02747 -0.05363 0.00059 0.99818
1577837175.905450106 -21.35101 32.44158 -15.20126 0.02748 -0.05363 0.00059 0.99818
1577837175.915450096 -11.49959 36.77288 1.05765 0.02749 -0.05364 0.00058 0.99818
1577837175.925450087 -3.86525 36.09442 12.00787 0.02754 -0.05368 0.00058 0.99818
1577837175.935450077 0.21882 29.90842 13.99046 0.02764 -0.05375 0.00060 0.99817
1577837175.945450068 1.58616 20.91716 9.94198 0.02775 -0.05383 0.00064 0.99816
1577837175.955450058 1.61200 12.62291 4.44789 0.02782 -0.05389 0.00068 0.99816
1577837175.965450048 1.48102 7.70567 1.15764 0.02782 -0.05390 0.00072 0.99816
1577837175.975450039 1.61570 5.55621 -0.02319 0.02777 -0.05388 0.00076 0.99816
1577837175.985450029 2.24800 4.74303 -0.12502 0.02772 -0.05386 0.00077 0.99816
1577837175.995450020 3.05659 4.14561 0.00370 0.02770 -0.05386 0.00077 0.99816
1577837176.005450010 1.50711 3.88738 0.24244 0.02770 -0.05386 0.00076 0.99816
1577837176.015450001 -5.48809 4.40278 0.65261 0.02770 -0.05383 0.00080 0.99817
1577837176.025449991 -19.38631 5.76746 1.22886 0.02768 -0.05376 0.00088 0.99817
1577837176.035449982 -35.12347 6.62190 1.69860 0.02765 -0.05366 0.00099 0.99818
1577837176.045449972 -46.00515 5.24782 1.72246 0.02763 -0.05358 0.00108 0.99818
1577837176.055449963 -47.11091 0.81087 1.01074 0.02763 -0.05353 0.00111 0.99818
1577837176.065450191 -40.61627 -3.98740 -0.52757 0.02765 -0.05351 0.00111 0.99818
1577837176.075450182 -30.47072 -5.56149 -2.93380 0.02767 -0.05350 0.00110 0.99818
1577837176.085450172 -19.72861 -1.66526 -5.90047 0.02767 -0.05350 0.00111 0.99818
1577837176.095450163 -7.86359 4.59008 -7.72487 0.02766 -0.05347 0.00109 0.99819
1577837176.105450153 6.54583 8.75395 -6.35547 0.02764 -0.05341 0.00100 0.99819
1577837176.115450144 23.55261 7.66700 -0.65537 0.02763 -0.05331 0.00081 0.99820
1577837176.125450134 37.73554 3.33487 6.85389 0.02762 -0.05321 0.00058 0.99820
1577837176.135450125 42.30486 -0.94558 12.73614 0.02764 -0.05317 0.00041 0.99820
1577837176.145450115 33.11866 -2.63082 14.43584 0.02770 -0.05323 0.00037 0.99820
1577837176.155450106 16.62646 -2.19069 12.91996 0.02777 -0.05334 0.00041 0.99819
1577837176.165450096 1.92562 -0.84834 10.03610 0.02784 -0.05345 0.00046 0.99818
1577837176.175450087 -4.23762 0.34283 7.33041 0.02787 -0.05351 0.00047 0.99818
1577837176.185450077 -4.52141 1.00852 5.14330 0.02789 -0.05354 0.00046 0.99818
1577837176.195450068 -3.93503 0.94421 3.51374 0.02791 -0.05355 0.00045 0.99818
1577837176.205450058 -6.17283 -0.03433 2.37529 0.02793 -0.05355 0.00048 0.99817
1577837176.215450048 -9.66934 -2.03016 1.23980 0.02795 -0.05356 0.00051 0.99817
1577837176.225450039 -11.54419 -5.12600 -0.48628 0.02798 -0.05356 0.00052 0.99817
1577837176.235450029 -9.78450 -9.01551 -2.98593 0.02800 -0.05356 0.00049 0.99817
1577837176.245450020 -5.84757 -11.83589 -4.79986 0.02802 -0.05355 0.00044 0.99817
1577837176.255450010 -2.05826 -11.33525 -4.05817 0.02803 -0.05357 0.00041 0.99817
1577837176.265450001 -0.32703 -6.18027 0.28193 0.02803 -0.05362 0.00043 0.99817
1577837176.275449991 -0.90699 1.28795 5.95501 0.02803 -0.05367 0.00047 0.99817
1577837176.285449982 -3.63685 7.80975 9.86856 0.02803 -0.05371 0.00049 0.99816
1577837176.295449972 -8.02138 10.85915 9.79997 0.02804 -0.05371 0.00048 0.99816
1577837176.305449963 -12.22952 10.84495 7.00627 0.02807 -0.05371 0.00048 0.99816
1577837176.315450191 -14.09621 8.90965 3.61438 0.02811 -0.05375 0.00052 0.99816
1577837176.325450182 -12.19101 6.05071 1.33388 0.02818 -0.05385 0.00066 0.99815
1577837176.335450172 -8.02196 2.68551 0.20499 0.02824 -0.05397 0.00083 0.99814
1577837176.345450163 -3.83167 -0.91363 -0.14941 0.02827 -0.05407 0.00099 0.99814
1577837176.355450153 -1.36901 -4.38082 -0.08158 0.02827 -0.05411 0.00109 0.99813
1577837176.365450144 -0.40774 -6.97607 0.15567 0.02825 -0.05411 0.00113 0.99813
1577837176.375450134 -0.22785 -7.86582 0.33437 0.02825 -0.05410 0.00115 0.99814
1577837176.385450125 -0.23391 -6.57366 0.28609 0.02828 -0.05410 0.00114 0.99813
1577837176.395450115 -0.32886 -4.05164 0.08059 0.02835 -0.05417 0.00112 0.99813
1577837176.405450106 -0.54018 -1.60895 -0.15285 0.02846 -0.05433 0.00105 0.99812
1577837176.415450096 -0.86401 -0.25864 -0.31228 0.02859 -0.05460 0.00095 0.99810
1577837176.425450087 -1.17094 0.17074 -0.40508 0.02869 -0.05486 0.00087 0.99808
1577837176.435450077 -1.30019 0.14680 -0.46598 0.02868 -0.05496 0.00086 0.99808
1577837176.445450068 -1.14667 0.06342 -0.52165 0.02851 -0.05481 0.00097 0.99809
1577837176.455450058 -0.82797 0.01974 -0.56659 0.02825 -0.05450 0.00114 0.99811
1577837176.465450048 -0.51737 0.04119 -0.58726 0.02800 -0.05418 0.00128 0.99814
1577837176.475450039 -0.34898 0.13479 -0.57512 0.02783 -0.05398 0.00134 0.99815
1577837176.485450029 -0.30024 0.23382 -0.54156 0.02775 -0.05389 0.00134 0.99816
1577837176.495450020 -0.30941 0.25312 -0.50299 0.02772 -0.05386 0.00133 0.99816
1577837176.505450010 -0.32445 0.13871 -0.47331 0.02772 -0.05386 0.00134 0.99816
1577837176.515450001 -0.33202 -0.03873 -0.45639 0.02772 -0.05385 0.00135 0.99816
1577837176.525449991 -0.32850 -0.17738 -0.45360 0.02767 -0.05378 0.00131 0.99817
1577837176.535449982 -0.31230 -0.20248 -0.46451 0.02754 -0.05363 0.00119 0.99818
1577837176.545449972 -0.29008 -0.14758 -0.48142 0.02739 -0.05346 0.00105 0.99819
1577837176.555449963 -0.27057 -0.07332 -0.49480 0.02728 -0.05330 0.00092 0.99821
1577837176.565450191 -0.26032 -0.02796 -0.49772 0.02724 -0.05322 0.00086 0.99821
1577837176.575450182 -0.25717 -0.01030 -0.49350 0.02726 -0.05320 0.00084 0.99821
1577837176.585450172 -0.25680 -0.00680 -0.48803 0.02730 -0.05320 0.00083 0.99821
1577837176.595450163 -0.25617 -0.01860 -0.48652 0.02735 -0.05319 0.00082 0.99821
1577837176.605450153 -0.25735 -0.10573 -0.49150 0.02744 -0.05319 0.00080 0.99821
1577837176.615450144 -0.26368 -0.34292 -0.50481 0.02761 -0.05322 0.00079 0.99820
1577837176.625450134 -0.27591 -0.76106 -0.52566 0.02790 -0.05327 0.00080 0.99819
1577837176.635450125 -0.28447 -1.21565 -0.54277 0.02822 -0.05333 0.00083 0.99818
1577837176.645450115 -0.27719 -1.51834 -0.54224 0.02844 -0.05337 0.00087 0.99817
1577837176.655450106 -0.24417 -1.48976 -0.48451 0.02849 -0.05335 0.00092 0.99817
1577837176.665450096 -0.18466 -0.98648 -0.22737 0.02843 -0.05331 0.00098 0.99817
1577837176.675450087 -0.10017 0.12596 0.39701 0.02835 -0.05327 0.00101 0.99818
1577837176.685450077 0.01353 1.88155 1.43550 0.02834 -0.05325 0.00103 0.99818
1577837176.695450068 0.18379 3.91244 2.45098 0.02837 -0.05325 0.00104 0.99818
1577837176.705450058 0.44370 5.75033 2.88538 0.02837 -0.05323 0.00104 0.99818
1577837176.715450048 0.79071 6.97864 2.37121 0.02832 -0.05319 0.00105 0.99818
1577837176.725450039 1.07962 7.38768 1.30351 0.02823 -0.05313 0.00105 0.99819
1577837176.735450029 1.12957 6.81946 0.26793 0.02814 -0.05310 0.00103 0.99819
1577837176.745450020 0.82835 5.25720 -0.28420 0.02811 -0.05311 0.00099 0.99819
1577837176.755450010 0.33836 3.24883 -0.43885 0.02819 -0.05308 0.00098 0.99819
1577837176.765450001 -0.10935 1.48350 -0.41628 0.02845 -0.05293 0.00107 0.99819
1577837176.775449991 -0.33752 0.48384 -0.39715 0.02890 -0.05262 0.00128 0.99820
1577837176.785449982 -0.38412 0.10665 -0.40364 0.02935 -0.05230 0.00151 0.99820
1577837176.795449972 -0.34093 0.04224 -0.41831 0.02955 -0.05214 0.00163 0.99820
1577837176.805449963 -0.56171 -0.08566 -0.53419 0.02933 -0.05228 0.00156 0.99820
1577837176.815450191 -2.44823 -0.91965 -1.28616 0.02881 -0.05257 0.00139 0.99820
1577837176.825450182 -7.66427 -3.16893 -3.31956 0.02821 -0.05281 0.00126 0.99821
1577837176.835450172 -16.38631 -6.44507 -6.67126 0.02769 -0.05285 0.00128 0.99822
1577837176.845450163 -22.84168 -5.96906 -8.94411 0.02730 -0.05275 0.00137 0.99823
1577837176.855450153 -19.77041 4.13573 -7.13251 0.02707 -0.05259 0.00144 0.99825
1577837176.865450144 -3.25169 25.98191 0.42444 0.02700 -0.05247 0.00139 0.99826
1577837176.875450134 17.27866 46.62592 10.00868 0.02703 -0.05239 0.00128 0.99826
1577837176.885450125 29.04565 49.36017 16.55743 0.02708 -0.05235 0.00118 0.99826
1577837176.895450115 23.29650 23.92798 16.44488 0.02710 -0.05235 0.00116 0.99826
1577837176.905450106 7.36707 -14.12365 11.79317 0.02710 -0.05236 0.00118 0.99826
1577837176.915450096 -7.38457 -42.79685 6.16144 0.02713 -0.05234 0.00117 0.99826
1577837176.925450087 -12.33904 -46.07130 2.38974 0.02698 -0.05218 0.00128 0.99827
1577837176.935450077 -9.83173 -31.83714 0.44177 0.02548 -0.05152 0.00237 0.99834
1577837176.945450068 -4.93668 -13.96211 -0.43780 0.02121 -0.04992 0.00548 0.99851
1577837176.955450058 -1.73373 -3.42882 -0.88488 0.01368 -0.04724 0.01099 0.99873
1577837176.965450048 -0.32604 0.32056 -1.05800 0.00612 -0.04459 0.01653 0.99885
1577837176.975450039 0.17721 0.72901 -0.99656 0.00267 -0.04340 0.01904 0.99887
1577837176.985450029 0.47361 0.65832 -0.75253 0.00187 -0.05330 0.01595 0.99845
1577837176.995450020 0.48989 0.64476 -0.42485 -0.02074 -0.11625 0.00587 0.99299
1577837177.005450010 -0.02910 0.63406 -0.09561 -0.09563 -0.27826 -0.01369 0.95564
1577837177.015450001 -1.19434 0.57908 0.25125 -0.22682 -0.53046 -0.04078 0.81579
1577837177.025449991 -2.56119 0.53841 0.60029 -0.33836 -0.72773 -0.06153 0.59341
1577837177.035449982 -3.39671 0.55722 0.70062 -0.37873 -0.79387 -0.06848 0.47078
1577837177.045449972 -3.09906 0.61293 0.38673 -0.33854 -0.72773 -0.06201 0.59325
1577837177.055449963 -2.16422 0.69819 -0.09614 -0.22637 -0.53072 -0.04334 0.81561
1577837177.065450191 -1.21885 0.73950 -0.41692 -0.09143 -0.27991 -0.02027 0.95545
1577837177.075450182 -0.71027 0.66101 -0.46153 0.00223 0.03040 0.00148 -0.24988
1577837177.085450172 -0.44170 0.51644 -0.50780 -0.00542 0.01529 0.00013 -0.25121
1577837177.095450163 -0.42152 0.42654 -0.52435 -0.00649 0.01311 -0.00006 -0.25131
1577837177.105450153 -0.47278 0.46661 -0.38072 0.02596 -0.05215 0.00025 0.99830
1577837177.115450144 -0.58973 0.63871 1.04263 0.02633 -0.05228 0.00031 0.99828
1577837177.125450134 -0.70406 0.97825 5.00949 0.02664 -0.05239 0.00038 0.99827
1577837177.135450125 -0.85840 1.52609 12.08957 0.02671 -0.05240 0.00043 0.99827
1577837177.145450115 -1.42674 2.40005 19.96630 0.02662 -0.05236 0.00046 0.99827
1577837177.155450106 -2.86591 3.73719 25.60157 0.02654 -0.05233 0.00048 0.99828
1577837177.165450096 -5.50366 5.64379 26.72334 0.02657 -0.05237 0.00050 0.99827
1577837177.175450087 -9.15142 8.10310 24.12382 0.02667 -0.05245 0.00051 0.99827
1577837177.185450077 -13.49153 11.06761 19.36130 0.02677 -0.05252 0.00052 0.99826
1577837177.195450068 -17.96987 14.26421 13.87018 0.02680 -0.05253 0.00053 0.99826
1577837177.205450058 -21.08656 16.51753 8.58924 0.02679 -0.05253 0.00054 0.99826
1577837177.215450048 -21.10522 16.42661 4.33336 0.02681 -0.05255 0.00055 0.99826
1577837177.225450039 -17.02074 13.16812 1.69276 0.02689 -0.05262 0.00057 0.99825
1577837177.235450029 -10.75292 8.22929 0.35898 0.02700 -0.05272 0.00058 0.99824
1577837177.245450020 -4.95281 3.67498 -0.20110 0.02710 -0.05279 0.00057 0.99824
1577837177.255450010 -1.65620 1.08973 -0.44539 0.02716 -0.05280 0.00052 0.99824
1577837177.265450001 -0.43803 0.13698 -0.53084 0.02717 -0.05277 0.00046 0.99824
1577837177.275449991 -0.25799 -0.00016 -0.53918 0.02717 -0.05274 0.00042 0.99824
1577837177.285449982 -0.25035 -0.00210 -0.53944 0.02718 -0.05273 0.00042 0.99824
1577837177.295449972 -0.24776 -0.00339 -0.54988 0.02719 -0.05273 0.00045 0.99824
1577837177.305449963 -0.25745 -0.00212 -0.57604 0.02723 -0.05268 0.00048 0.99824
1577837177.315450191 -0.04565 -0.89165 -0.62938 0.02728 -0.05258 0.00047 0.99824
1577837177.325450182 1.58532 -7.14648 -0.74502 0.02734 -0.05246 0.00044 0.99825
1577837177.335450172 6.07412 -24.13638 -0.96396 0.02736 -0.05238 0.00040 0.99825
1577837177.345450163 13.71862 -52.38042 -1.27955 0.02733 -0.05238 0.00034 0.99825
1577837177.355450153 20.25347 -72.99487 -1.49435 0.02727 -0.05243 0.00029 0.99825
1577837177.365450144 20.27251 -62.24532 -1.36327 0.02723 -0.05249 0.00023 0.99825
1577837177.375450134 10.62162 -7.78472 -0.76938 0.02722 -0.05251 0.00018 0.99825
1577837177.385450125 -2.84511 57.18446 -0.10855 0.02724 -0.05252 0.00014 0.99825
1577837177.395450115 -12.02155 88.07235 0.09517 0.02726 -0.05252 0.00011 0.99825
1577837177.405450106 -11.18246 55.22682 -0.48008 0.02728 -0.05252 0.00010 0.99825
1577837177.415450096 -4.12622 -11.25329 -1.34742 0.02728 -0.05252 0.00010 0.99825
1577837177.425450087 2.96785 -66.33139 -1.81774 0.02728 -0.05252 0.00010 0.99825
1577837177.435450077 5.36948 -76.54266 -1.41177 0.02728 -0.05250 0.00010 0.99825
1577837177.445450068 4.14444 -54.70931 -0.48947 0.02728 -0.05248 0.00009 0.99825
1577837177.455450058 1.80750 -25.22530 0.37936 0.02730 -0.05245 0.00009 0.99825
1577837177.465450048 0.37503 -7.49086 0.75226 0.02734 -0.05243 0.00011 0.99825
1577837177.475450039 -0.13039 -0.93128 0.69597 0.02738 -0.05240 0.00012 0.99825
1577837177.485450029 -0.18458 0.02186 0.40453 0.02742 -0.05239 0.00014 0.99825
1577837177.495450020 -0.17631 0.01129 0.13534 0.02744 -0.05239 0.00016 0.99825
1577837177.505450010 -0.14602 -0.02320 0.39910 0.02743 -0.05241 0.00019 0.99825
1577837177.515450001 -0.04707 -0.06752 1.76987 0.02738 -0.05245 0.00026 0.99825
1577837177.525449991 0.14244 0.10278 4.43572 0.02731 -0.05252 0.00035 0.99825
1577837177.535449982 0.34555 1.55373 7.04081 0.02724 -0.05257 0.00045 0.99825
1577837177.545449972 0.46056 5.56174 7.84331 0.02719 -0.05257 0.00049 0.99825
1577837177.555449963 0.43065 12.50584 5.72321 0.02720 -0.05249 0.00043 0.99825
1577837177.565450191 0.37850 19.17552 2.04787 0.02724 -0.05238 0.00033 0.99826
1577837177.575450182 0.47163 21.46287 -1.19354 0.02729 -0.05229 0.00025 0.99826
1577837177.585450172 0.80836 16.70744 -2.48829 0.02733 -0.05229 0.00023 0.99826
1577837177.595450163 1.21000 8.03863 -2.22951 0.02739 -0.05233 0.00022 0.99825
1577837177.605450153 1.42865 0.03332 -1.28677 0.02751 -0.05237 0.00013 0.99825
1577837177.615450144 1.29556 -3.79820 -0.41199 0.02772 -0.05236 -0.00009 0.99824
1577837177.625450134 0.95861 -4.21184 0.11358 0.02794 -0.05231 -0.00036 0.99824
1577837177.635450125 0.64489 -3.03010 0.12635 0.02806 -0.05222 -0.00057 0.99824
1577837177.645450115 0.52824 -1.78007 -0.42668 0.02804 -0.05212 -0.00064 0.99825
1577837177.655450106 0.56960 -0.80739 -1.15613 0.02790 -0.05202 -0.00061 0.99826
1577837177.665450096 0.67671 -0.16229 -1.56201 0.02775 -0.05193 -0.00053 0.99826
1577837177.675450087 0.73959 0.13659 -1.30212 0.02765 -0.05186 -0.00045 0.99827
1577837177.685450077 0.57741 0.19707 -0.66530 0.02759 -0.05181 -0.00039 0.99828
1577837177.695450068 -0.00838 0.15857 -0.09817 0.02757 -0.05180 -0.00034 0.99828
1577837177.705450058 -1.08911 0.10306 0.03535 0.02757 -0.05181 -0.00031 0.99828
1577837177.715450048 -2.22712 -0.11739 -0.29790 0.02758 -0.05182 -0.00030 0.99828
1577837177.725450039 -2.85756 -0.70815 -1.04841 0.02759 -0.05180 -0.00030 0.99828
1577837177.735450029 -2.54884 -1.72289 -2.14903 0.02759 -0.05173 -0.00030 0.99828
1577837177.745450020 -1.40263 -2.60834 -3.46212 0.02759 -0.05163 -0.00029 0.99828
1577837177.755450010 0.34613 -2.65953 -4.83242 0.02760 -0.05156 -0.00029 0.99829
1577837177.765450001 2.40302 -1.47203 -6.07240 0.02761 -0.05153 -0.00029 0.99829
1577837177.775449991 4.23571 0.15644 -6.86554 0.02763 -0.05153 -0.00030 0.99829
1577837177.785449982 5.25238 1.12758 -6.86306 0.02765 -0.05155 -0.00030 0.99829
1577837177.795449972 5.05394 0.69006 -5.86854 0.02766 -0.05156 -0.00030 0.99829
1577837177.805449963 4.01201 -0.51973 -4.29489 0.02767 -0.05155 -0.00031 0.99829
1577837177.815450191 2.69092 -1.51842 -2.70740 0.02766 -0.05155 -0.00032 0.99829
1577837177.825450182 1.56079 -1.57998 -1.55467 0.02764 -0.05154 -0.00033 0.99829
1577837177.835450172 0.71484 -1.00765 -0.81874 0.02761 -0.05153 -0.00035 0.99829
1577837177.845450163 0.15207 -0.36200 -0.36496 0.02760 -0.05153 -0.00035 0.99829
1577837177.855450153 -0.14371 -0.07925 -0.07664 0.02764 -0.05153 -0.00032 0.99829
1577837177.865450144 -0.24952 -0.09838 0.09112 0.02769 -0.05154 -0.00029 0.99829
1577837177.875450134 -0.25758 -0.23404 0.16530 0.02774 -0.05155 -0.00027 0.99829
1577837177.885450125 -0.24339 -0.33862 0.16884 0.02774 -0.05155 -0.00027 0.99828
1577837177.895450115 -0.21557 -0.41546 0.10857 0.02771 -0.05157 -0.00025 0.99829
1577837177.905450106 -0.16601 -0.50563 -0.01268 0.02763 -0.05159 -0.00017 0.99829
1577837177.915450096 -0.09373 -0.63239 -0.18520 0.02751 -0.05164 0.00002 0.99829
1577837177.925450087 -0.02631 -0.74769 -0.37166 0.02742 -0.05167 0.00023 0.99829
1577837177.935450077 0.00154 -0.78567 -0.52784 0.02739 -0.05166 0.00041 0.99829
1577837177.945450068 -0.03246 -0.70518 -0.61993 0.02748 -0.05159 0.00047 0.99829
1577837177.955450058 -0.10080 -0.56400 -0.65576 0.02763 -0.05151 0.00044 0.99829
1577837177.965450048 -0.16352 -0.44462 -0.65362 0.02779 -0.05144 0.00036 0.99829
1577837177.975450039 -0.19095 -0.41469 -0.63061 0.02789 -0.05143 0.00027 0.99829
1577837177.985450029 -0.19455 -0.48237 -0.59914 0.02794 -0.05145 0.00018 0.99828
1577837177.995450020 -0.19604 -0.64097 -0.57050 0.02796 -0.05148 0.00014 0.99828
1577837178.005450010 -0.23307 -0.86459 -0.57215 0.02795 -0.05149 0.00015 0.99828
1577837178.015450001 -0.40689 -1.05047 -0.69650 0.02793 -0.05149 0.00015 0.99828
1577837178.025449991 -0.83471 -1.07666 -1.05216 0.02791 -0.05150 0.00009 0.99828
1577837178.035449982 -1.53385 -0.86301 -1.67677 0.02788 -0.05154 -0.00008 0.99828
1577837178.045449972 -2.12225 -0.49655 -2.32418 0.02788 -0.05160 -0.00030 0.99828
1577837178.055449963 -2.11799 -0.10612 -2.67729 0.02790 -0.05166 -0.00045 0.99827
1577837178.065450191 -1.17856 0.22525 -2.46952 0.02796 -0.05172 -0.00049 0.99827
1577837178.075450182 0.48086 0.59770 -1.63643 0.02804 -0.05177 -0.00044 0.99827
1577837178.085450172 2.50571 1.15717 -0.16413 0.02808 -0.05179 -0.00040 0.99826
1577837178.095450163 4.49450 1.96435 1.81763 0.02808 -0.05178 -0.00040 0.99826
1577837178.105450153 5.85805 2.73900 3.60444 0.02807 -0.05178 -0.00042 0.99826
1577837178.115450144 5.96028 3.11559 4.34822 0.02814 -0.05182 -0.00041 0.99826
1577837178.125450134 4.45783 2.83476 3.50973 0.02831 -0.05191 -0.00034 0.99825
1577837178.135450125 2.17826 2.06163 1.78501 0.02852 -0.05202 -0.00022 0.99824
1577837178.145450115 0.24182 1.06745 0.17895 0.02869 -0.05210 -0.00010 0.99823
1577837178.155450106 -0.51175 0.07980 -0.55034 0.02875 -0.05211 0.00001 0.99823
1577837178.165450096 -0.36498 -0.84852 -0.63167 0.02874 -0.05209 0.00009 0.99823
1577837178.175450087 0.11906 -1.70839 -0.54063 0.02873 -0.05206 0.00013 0.99823
1577837178.185450077 0.50352 -2.47413 -0.67121 0.02874 -0.05205 0.00013 0.99823
1577837178.195450068 0.85647 -3.05383 -1.09111 0.02874 -0.05204 0.00012 0.99823
1577837178.205450058 1.37221 -3.33902 -1.78644 0.02869 -0.05202 0.00013 0.99823
1577837178.215450048 2.13908 -3.27188 -2.68690 0.02855 -0.05197 0.00019 0.99824
1577837178.225450039 2.82153 -2.99703 -3.49644 0.02837 -0.05189 0.00027 0.99825
1577837178.235450029 2.97805 -2.70974 -3.86257 0.02820 -0.05182 0.00035 0.99826
1577837178.245450020 2.32590 -2.52507 -3.55267 0.02811 -0.05176 0.00040 0.99826
1577837178.255450010 1.21742 -2.23730 -2.81360 0.02808 -0.05173 0.00044 0.99827
1577837178.265450001 0.16369 -1.56053 -2.01204 0.02810 -0.05171 0.00046 0.99827
1577837178.275449991 -0.44017 -0.36688 -1.43790 0.02815 -0.05171 0.00047 0.99827
1577837178.285449982 -0.66312 0.83942 -1.07372 0.02820 -0.05171 0.00047 0.99826
1577837178.295449972 -0.69010 1.39607 -0.82524 0.02823 -0.05172 0.00048 0.99826
1577837178.305449963 -0.64375 1.20099 -0.60663 0.02825 -0.05172 0.00048 0.99826
1577837178.315450191 -0.39746 2.39281 -0.36576 0.02826 -0.05173 0.00048 0.99826
1577837178.325450182 0.23769 7.67032 -0.05893 0.02831 -0.05176 0.00043 0.99826
1577837178.335450172 1.38106 18.27979 0.31960 0.02841 -0.05181 0.00035 0.99825
1577837178.345450163 2.87379 29.65730 0.62363 0.02853 -0.05186 0.00026 0.99825
1577837178.355450153 4.48749 35.78639 0.66900 0.02861 -0.05188 0.00019 0.99824
1577837178.365450144 5.91388 32.58561 0.33801 0.02861 -0.05185 0.00018 0.99824
1577837178.375450134 6.52533 23.71359 -0.22118 0.02857 -0.05180 0.00020 0.99825
1577837178.385450125 5.61438 14.76395 -0.79392 0.02852 -0.05175 0.00022 0.99825
1577837178.395450115 2.84528 10.01194 -1.20143 0.02851 -0.05175 0.00021 0.99825
1577837178.405450106 -0.63075 8.45925 -1.40821 0.02852 -0.05176 0.00018 0.99825
1577837178.415450096 -3.29075 7.78920 -1.41461 0.02854 -0.05175 0.00014 0.99825
1577837178.425450087 -4.02280 6.20847 -1.24134 0.02854 -0.05172 0.00009 0.99825
1577837178.435450077 -3.35919 4.01730 -0.99059 0.02852 -0.05166 0.00005 0.99826
1577837178.445450068 -2.24324 2.03933 -0.78493 0.02850 -0.05158 0.00006 0.99826
1577837178.455450058 -1.43293 0.90456 -0.71812 0.02847 -0.05151 0.00013 0.99827
1577837178.465450048 -0.94495 0.46848 -0.76884 0.02845 -0.05144 0.00022 0.99827
1577837178.475450039 -0.61066 0.39300 -0.88698 0.02845 -0.05140 0.00030 0.99827
1577837178.485450029 -0.28129 0.38797 -1.01303 0.02846 -0.05138 0.00034 0.99827
1577837178.495450020 0.11246 0.35520 -1.04991 0.02854 -0.05139 0.00041 0.99827
1577837178.505450010 0.62002 0.24447 -0.89112 0.02873 -0.05141 0.00059 0.99826
1577837178.515450001 1.24144 0.03279 -0.48767 0.02902 -0.05143 0.00092 0.99825
1577837178.525449991 1.77933 -0.19400 -0.02043 0.02931 -0.05143 0.00129 0.99825
1577837178.535449982 1.98692 -0.32286 0.27223 0.02943 -0.05140 0.00151 0.99824
1577837178.545449972 1.70688 -0.27510 0.22435 0.02929 -0.05133 0.00147 0.99825
1577837178.555449963 1.13967 -0.10952 -0.04053 0.02900 -0.05124 0.00125 0.99826
1577837178.565450191 0.57520 0.08071 -0.32645 0.02871 -0.05118 0.00100 0.99828
1577837178.575450182 0.24055 0.21473 -0.47945 0.02857 -0.05119 0.00083 0.99828
1577837178.585450172 0.11154 0.26080 -0.51348 0.02854 -0.05123 0.00073 0.99828
1577837178.595450163 0.10118 0.19950 -0.48444 0.02856 -0.05126 0.00068 0.99828
1577837178.605450153 0.13099 0.03413 -0.44259 0.02856 -0.05127 0.00067 0.99828
1577837178.615450144 0.15669 -0.14102 -0.41546 0.02854 -0.05127 0.00065 0.99828
1577837178.625450134 0.14251 -0.20891 -0.42492 0.02852 -0.05131 0.00061 0.99828
1577837178.635450125 0.06467 -0.09455 -0.48295 0.02851 -0.05140 0.00053 0.99827
1577837178.645450115 -0.05284 0.10900 -0.56196 0.02851 -0.05151 0.00043 0.99827
1577837178.655450106 -0.17405 0.26667 -0.62446 0.02852 -0.05161 0.00035 0.99826
1577837178.665450096 -0.26926 0.27722 -0.64301 0.02854 -0.05167 0.00032 0.99826
1577837178.675450087 -0.33376 0.17483 -0.63039 0.02856 -0.05169 0.00032 0.99825
1577837178.685450077 -0.36910 0.02756 -0.60940 0.02858 -0.05168 0.00032 0.99825
1577837178.695450068 -0.37398 -0.10560 -0.59711 0.02859 -0.05168 0.00031 0.99825
1577837178.705450058 -0.33566 -0.20172 -0.58751 0.02859 -0.05168 0.00030 0.99825
1577837178.715450048 -0.23855 -0.24689 -0.56885 0.02860 -0.05171 0.00029 0.99825
1577837178.725450039 -0.08150 -0.23448 -0.53425 0.02863 -0.05177 0.00029 0.99825
1577837178.735450029 0.07895 -0.18680 -0.49632 0.02866 -0.05184 0.00031 0.99824
1577837178.745450020 0.17182 -0.13343 -0.47255 0.02869 -0.05189 0.00033 0.99824
1577837178.755450010 0.14476 -0.09867 -0.47553 0.02869 -0.05190 0.00035 0.99824
1577837178.765450001 0.01999 -0.08578 -0.49840 0.02868 -0.05188 0.00037 0.99824
1577837178.775449991 -0.16163 -0.09277 -0.52941 0.02867 -0.05186 0.00038 0.99824
1577837178.785449982 -0.36015 -0.11148 -0.56381 0.02865 -0.05184 0.00038 0.99824
1577837178.795449972 -0.53918 -0.10904 -0.62497 0.02863 -0.05184 0.00038 0.99824
1577837178.805449963 -0.66322 -0.04641 -0.74326 0.02861 -0.05189 0.00042 0.99824
1577837178.815450191 -0.70491 0.14646 -0.91487 0.02860 -0.05199 0.00052 0.99824
1577837178.825450182 -0.66936 0.66366 -0.99920 0.02859 -0.05211 0.00064 0.99823
1577837178.835450172 -0.56980 1.73031 -0.82144 0.02863 -0.05219 0.00074 0.99823
1577837178.845450163 -0.42500 3.28874 -0.29519 0.02870 -0.05221 0.00080 0.99822
1577837178.855450153 -0.27592 4.15023 0.31240 0.02880 -0.05218 0.00082 0.99822
1577837178.865450144 -0.16902 2.84331 0.64580 0.02888 -0.05212 0.00080 0.99822
1577837178.875450134 -0.13863 -1.35287 0.46597 0.02892 -0.05207 0.00075 0.99822
1577837178.885450125 -0.17042 -6.15657 -0.00020 0.02893 -0.05203 0.00071 0.99823
1577837178.895450115 -0.23790 -8.53538 -0.40933 0.02892 -0.05201 0.00068 0.99823
1577837178.905450106 -0.31444 -6.44185 -0.50299 0.02892 -0.05199 0.00068 0.99823
1577837178.915450096 -0.37271 -1.76833 -0.36260 0.02891 -0.05199 0.00070 0.99823
1577837178.925450087 -0.38525 2.60790 -0.15451 0.02889 -0.05202 0.00072 0.99823
1577837178.935450077 -0.33420 4.46480 -0.01332 0.02886 -0.05205 0.00070 0.99823
1577837178.945450068 -0.24019 4.20122 0.05349 0.02883 -0.05210 0.00067 0.99823
1577837178.955450058 -0.13344 2.87128 0.07024 0.02882 -0.05212 0.00062 0.99822
1577837178.965450048 -0.05124 1.41181 0.05483 0.02884 -0.05213 0.00057 0.99822
1577837178.975450039 -0.05910 0.29057 -0.00031 0.02887 -0.05211 0.00053 0.99822
1577837178.985450029 -0.22959 -0.14196 -0.10915 0.02892 -0.05211 0.00051 0.99822
1577837178.995450020 -0.57700 0.28954 -0.26853 0.02896 -0.05212 0.00051 0.99822
1577837179.005450010 -0.88263 1.05979 -0.40684 0.02899 -0.05214 0.00052 0.99822
1577837179.015450001 -0.86949 1.46837 -0.43533 0.02901 -0.05212 0.00051 0.99822
1577837179.025449991 -0.37372 1.02136 -0.29873 0.02900 -0.05207 0.00048 0.99822
1577837179.035449982 0.31614 0.05089 -0.07561 0.02896 -0.05201 0.00043 0.99823
1577837179.045449972 0.79845 -0.90440 0.12199 0.02892 -0.05198 0.00040 0.99823
1577837179.055449963 0.77520 -1.42683 0.20165 0.02887 -0.05201 0.00038 0.99823
1577837179.065450191 0.36302 -1.58268 0.14938 0.02882 -0.05208 0.00039 0.99823
1577837179.075450182 -0.21781 -1.55921 -0.02918 0.02881 -0.05212 0.00039 0.99823
1577837179.085450172 -0.75335 -1.49946 -0.36878 0.02878 -0.05208 0.00037 0.99823
1577837179.095450163 -1.05499 -1.36958 -1.06560 0.02846 -0.05183 0.00025 0.99825
1577837179.105450153 -0.94045 -1.09147 -2.35620 0.02754 -0.05121 -0.00002 0.99831
1577837179.115450144 -0.33167 -0.63043 -4.28123 0.02589 -0.05019 -0.00049 0.99840
1577837179.125450134 0.43248 -0.12531 -6.09772 0.02420 -0.04922 -0.00095 0.99849
1577837179.135450125 0.90894 0.24167 -6.86680 0.02339 -0.04886 -0.00117 0.99853
1577837179.145450115 0.79000 0.34003 -5.97147 0.02404 -0.04948 -0.00096 0.99849
1577837179.155450106 0.30937 0.24623 -4.08207 0.02557 -0.05067 -0.00049 0.99839
1577837179.165450096 -0.16384 0.08845 -2.19079 0.02707 -0.05184 0.00002 0.99829
1577837179.175450087 -0.34975 -0.02909 -1.07297 0.02787 -0.05251 0.00038 0.99823
1577837179.185450077 -0.32530 -0.09805 -0.63655 0.02810 -0.05278 0.00058 0.99821
1577837179.195450068 -0.25663 -0.13406 -0.57260 0.02808 -0.05283 0.00067 0.99821
1577837179.205450058 -0.26903 -0.13989 -0.63097 0.02810 -0.05287 0.00068 0.99821
1577837179.215450048 -0.32422 -0.06689 -0.79670 0.02812 -0.05291 0.00068 0.99820
1577837179.225450039 -0.34305 0.14647 -1.11364 0.02805 -0.05297 0.00075 0.99820
1577837179.235450029 -0.27214 0.51478 -1.58542 0.02783 -0.05305 0.00092 0.99820
1577837179.245450020 -0.16104 0.86509 -2.05494 0.02752 -0.05311 0.00115 0.99821
1577837179.255450010 -0.08508 0.97753 -2.32491 0.02722 -0.05315 0.00135 0.99821
1577837179.265450001 -0.10636 0.71501 -2.27116 0.02702 -0.05313 0.00146 0.99822
1577837179.275449991 -0.23404 0.27143 -2.06194 0.02692 -0.05309 0.00150 0.99823
1577837179.285449982 -0.46409 -0.07650 -1.93862 0.02689 -0.05305 0.00151 0.99823
1577837179.295449972 -1.31946 -0.19376 -1.87863 0.02692 -0.05301 0.00151 0.99823
1577837179.305449963 -5.43120 -0.51192 -0.80371 0.02699 -0.05298 0.00149 0.99823
1577837179.315450191 -15.95737 -1.60419 2.62834 0.02708 -0.05296 0.00141 0.99823
1577837179.325450182 -33.44646 -3.60784 8.89444 0.02719 -0.05294 0.00126 0.99823
1577837179.335450172 -48.00873 -4.91632 15.01034 0.02728 -0.05288 0.00108 0.99823
1577837179.345450163 -47.14488 -3.48711 17.12652 0.02733 -0.05272 0.00094 0.99823
1577837179.355450153 -23.74664 1.71846 12.76510 0.02731 -0.05245 0.00087 0.99825
1577837179.365450144 7.73010 7.72375 4.93473 0.02723 -0.05210 0.00087 0.99827
1577837179.375450134 27.43841 10.54829 -1.98431 0.02712 -0.05173 0.00088 0.99829
1577837179.385450125 21.60039 7.54525 -4.69388 0.02698 -0.05141 0.00090 0.99831
1577837179.395450115 0.71421 1.40230 -4.22463 0.02681 -0.05130 0.00111 0.99832
1577837179.405450106 -18.65291 -3.85923 -2.68936 0.02655 -0.05157 0.00174 0.99831
1577837179.415450096 -23.94487 -5.29949 -1.76250 0.02622 -0.05229 0.00288 0.99828
1577837179.425450087 -18.64999 -4.30452 -1.36506 0.02587 -0.05314 0.00418 0.99824
1577837179.435450077 -10.26770 -3.34182 -0.97969 0.02560 -0.05366 0.00519 0.99822
1577837179.445450068 -4.81224 -5.28224 -0.32574 0.02549 -0.05355 0.00556 0.99822
1577837179.455450058 -2.35721 -14.61004 -0.06938 0.02555 -0.05300 0.00541 0.99825
1577837179.465450048 -1.49102 -36.21286 -1.11348 0.02575 -0.05233 0.00496 0.99829
1577837179.475450039 -1.00779 -70.28467 -3.89610 0.02607 -0.05180 0.00441 0.99831
1577837179.485450029 -0.52456 -98.24484 -6.99600 0.02645 -0.05143 0.00375 0.99832
1577837179.495450020 0.13594 -96.81914 -8.52713 0.02679 -0.05118 0.00294 0.99833
1577837179.505450010 1.04408 -51.74932 -7.35986 0.02704 -0.05100 0.00199 0.99833
1577837179.515450001 1.84270 15.15867 -5.39029 0.02727 -0.05089 0.00108 0.99833
1577837179.525449991 2.06776 73.08284 -5.27094 0.02756 -0.05082 0.00045 0.99833
1577837179.535449982 1.67367 97.99980 -8.18957 0.02799 -0.05075 0.00028 0.99832
1577837179.545449972 2.28862 93.08047 -9.47487 0.02865 -0.05056 0.00052 0.99831
1577837179.555449963 5.95924 68.29435 -2.99073 0.02960 -0.05008 0.00106 0.99831
1577837179.565450191 13.56946 33.84719 14.30314 0.03080 -0.04925 0.00173 0.99831
1577837179.575450182 21.35230 0.88961 33.06401 0.03185 -0.04825 0.00212 0.99832
1577837179.585450172 24.37808 -19.19147 40.85334 0.03222 -0.04737 0.00173 0.99836
1577837179.595450163 18.56618 -18.66545 28.70872 0.03161 -0.04676 0.00030 0.99841
1577837179.605450153 3.23234 -4.42673 1.57221 0.03051 -0.04615 -0.00156 0.99847
1577837179.615450144 -21.45861 12.97404 -32.13804 0.02963 -0.04515 -0.00303 0.99854
1577837179.625450134 -52.83072 25.34048 -64.57081 0.02950 -0.04355 -0.00352 0.99861
1577837179.635450125 -78.16351 33.89341 -90.14273 0.02987 -0.04193 -0.00338 0.99867
1577837179.645450115 -82.22540 42.20793 -103.83740 0.03028 -0.04105 -0.00323 0.99869
1577837179.655450106 -56.17579 51.45168 -103.21809 0.03040 -0.04149 -0.00355 0.99867
1577837179.665450096 -16.73823 53.16240 -96.16667 0.03020 -0.04301 -0.00431 0.99861
1577837179.675450087 12.97272 36.47036 -93.14472 0.02978 -0.04520 -0.00536 0.99852
1577837179.685450077 16.84753 -3.80297 -99.47701 0.02922 -0.04768 -0.00658 0.99841
1577837179.695450068 6.79675 -50.07127 -99.94127 0.02866 -0.05013 -0.00794 0.99830
1577837179.705450058 1.73598 -79.05699 -74.17847 0.02825 -0.05231 -0.00944 0.99819
1577837179.715450048 14.84263 -74.53915 -11.20515 0.02806 -0.05411 -0.01099 0.99808
1577837179.725450039 36.34135 -48.52298 62.45988 0.02785 -0.05609 -0.01216 0.99796
1577837179.735450029 50.71865 -20.07029 110.92223 0.02733 -0.05896 -0.01241 0.99781
1577837179.745450020 46.82825 -4.11223 108.91890 0.02631 -0.06305 -0.01147 0.99760
1577837179.755450010 30.99288 0.94258 73.71242 0.02520 -0.06715 -0.01003 0.99737
1577837179.765450001 13.90249 0.81618 33.19664 0.02453 -0.06966 -0.00905 0.99723
1577837179.775449991 3.94118 0.24689 9.36172 0.02468 -0.06938 -0.00924 0.99724
1577837179.785449982 0.26971 0.03816 0.58297 0.02550 -0.06682 -0.01039 0.99739
1577837179.795449972 -0.25695 0.00976 -0.66798 0.02667 -0.06289 -0.01206 0.99759
1577837179.805449963 -0.25968 0.01147 -0.66479 0.02795 -0.05838 -0.01386 0.99781
1577837179.815450191 -0.26259 0.01318 -0.66224 0.02928 -0.05356 -0.01562 0.99801
