1577837174.105469942 -0.26303 0.00240 -0.30295 0.02684 -0.05305 0.00143 0.99823
1577837174.115469933 -0.26303 0.00240 -0.30295 0.02684 -0.05305 0.00143 0.99823
1577837174.125469923 -0.26303 0.00240 -0.30295 0.02684 -0.05305 0.00143 0.99823
1577837174.135469913 -0.26303 0.00240 -0.30295 0.02684 -0.05305 0.00143 0.99823
1577837174.145469904 -0.26303 0.00243 -0.30287 0.02683 -0.05305 0.00143 0.99823
1577837174.155469894 -0.26301 0.00261 -0.30230 0.02682 -0.05305 0.00142 0.99823
1577837174.165469885 -0.26298 0.00310 -0.30078 0.02678 -0.05303 0.00140 0.99823
1577837174.175469875 -0.26293 0.00398 -0.29798 0.02671 -0.05301 0.00136 0.99824
1577837174.185469866 -0.26286 0.00509 -0.29428 0.02664 -0.05298 0.00132 0.99824
1577837174.195469856 -0.26280 0.00618 -0.29020 0.02658 -0.05296 0.00128 0.99824
1577837174.205469847 -0.26276 0.00706 -0.28623 0.02657 -0.05295 0.00125 0.99824
1577837174.215469837 -0.26272 0.00777 -0.28266 0.02659 -0.05294 0.00123 0.99824
1577837174.225469828 -0.26267 0.00839 -0.27971 0.02663 -0.05294 0.00122 0.99824
1577837174.235470057 -0.26260 0.00899 -0.27758 0.02667 -0.05296 0.00120 0.99824
1577837174.245470047 -0.26250 0.00960 -0.27632 0.02673 -0.05298 0.00118 0.99824
1577837174.255470037 -0.26239 0.01020 -0.27592 0.02678 -0.05300 0.00116 0.99823
1577837174.265470028 -0.26228 0.01077 -0.27647 0.02685 -0.05302 0.00115 0.99823
1577837174.275470018 -0.26217 0.01115 -0.27829 0.02691 -0.05305 0.00116 0.99823
1577837174.285470009 -0.26207 0.01117 -0.28180 0.02695 -0.05307 0.00117 0.99823
1577837174.295469999 -0.26197 0.01072 -0.28707 0.02697 -0.05309 0.00120 0.99822
1577837174.305469990 -0.26183 0.01004 -0.29278 0.02697 -0.05312 0.00124 0.99822
1577837174.315469980 -0.26158 0.00944 -0.29730 0.02697 -0.05317 0.00127 0.99822
1577837174.325469971 -0.26120 0.00914 -0.29939 0.02700 -0.05323 0.00130 0.99822
1577837174.335469961 -0.26069 0.00909 -0.29957 0.02703 -0.05329 0.00131 0.99821
1577837174.345469952 -0.26009 0.00916 -0.29875 0.02707 -0.05336 0.00130 0.99821
1577837174.355469942 -0.25945 0.00922 -0.29778 0.02710 -0.05342 0.00127 0.99820
1577837174.365469933 -0.25877 0.00926 -0.29706 0.02712 -0.05347 0.00124 0.99820
1577837174.375469923 -0.25806 0.00928 -0.29691 0.02714 -0.05352 0.00121 0.99820
1577837174.385469913 -0.25741 0.00927 -0.29730 0.02716 -0.05357 0.00119 0.99819
1577837174.395469904 -0.25714 0.00916 -0.29676 0.02714 -0.05357 0.00119 0.99819
1577837174.405469894 -0.25762 0.00883 -0.29349 0.02704 -0.05347 0.00121 0.99820
1577837174.415469885 -0.25906 0.00825 -0.28644 0.02684 -0.05325 0.00124 0.99822
1577837174.425469875 -0.26090 0.00768 -0.27766 0.02661 -0.05298 0.00129 0.99824
1577837174.435469866 -0.26241 0.00742 -0.26995 0.02646 -0.05277 0.00132 0.99825
1577837174.445469856 -0.26302 0.00770 -0.26546 0.02646 -0.05270 0.00133 0.99826
1577837174.455469847 -0.26288 0.00840 -0.26377 0.02656 -0.05272 0.00132 0.99826
1577837174.465469837 -0.26233 0.00932 -0.26382 0.02673 -0.05280 0.00131 0.99825
1577837174.475469828 -0.26165 0.01027 -0.26471 0.02690 -0.05289 0.00129 0.99824
1577837174.485470057 -0.26092 0.01121 -0.26633 0.02707 -0.05298 0.00128 0.99823
1577837174.495470047 -0.26017 0.01216 -0.26876 0.02725 -0.05307 0.00125 0.99822
1577837174.505470037 -0.25947 0.01304 -0.27200 0.02742 -0.05315 0.00121 0.99821
1577837174.515470028 -0.25909 0.01354 -0.27586 0.02759 -0.05320 0.00118 0.99820
1577837174.525470018 -0.25934 0.01326 -0.28006 0.02773 -0.05320 0.00118 0.99820
1577837174.535470009 -0.26039 0.01201 -0.28430 0.02782 -0.05312 0.00121 0.99820
1577837174.545469999 -0.26181 0.01036 -0.28795 0.02789 -0.05302 0.00127 0.99820
1577837174.555469990 -0.26301 0.00908 -0.29036 0.02794 -0.05292 0.00132 0.99821
1577837174.565469980 -0.26357 0.00874 -0.29106 0.02798 -0.05286 0.00134 0.99821
1577837174.575469971 -0.26359 0.00919 -0.29048 0.02803 -0.05283 0.00134 0.99821
1577837174.585469961 -0.26333 0.01007 -0.28923 0.02808 -0.05279 0.00132 0.99821
1577837174.595469952 -0.26300 0.01109 -0.28788 0.02814 -0.05273 0.00131 0.99821
1577837174.605469942 -0.26264 0.01216 -0.28682 0.02821 -0.05267 0.00131 0.99821
1577837174.615469933 -0.26225 0.01325 -0.28634 0.02826 -0.05263 0.00131 0.99821
1577837174.625469923 -0.26184 0.01420 -0.28644 0.02826 -0.05264 0.00130 0.99821
1577837174.635469913 -0.26161 0.01436 -0.28592 0.02815 -0.05267 0.00130 0.99821
1577837174.645469904 -0.26175 0.01296 -0.28325 0.02783 -0.05266 0.00132 0.99822
1577837174.655469894 -0.26238 0.00962 -0.27753 0.02727 -0.05259 0.00136 0.99824
1577837174.665469885 -0.26321 0.00548 -0.27041 0.02662 -0.05250 0.00142 0.99827
1577837174.675469875 -0.26381 0.00204 -0.26416 0.02610 -0.05245 0.00147 0.99828
1577837174.685469866 -0.26390 0.00045 -0.26053 0.02588 -0.05246 0.00150 0.99829
1577837174.695469856 -0.26355 0.00034 -0.25923 0.02590 -0.05254 0.00152 0.99828
1577837174.705469847 -0.26295 0.00099 -0.25943 0.02603 -0.05265 0.00154 0.99827
1577837174.715469837 -0.26227 0.00176 -0.26045 0.02619 -0.05275 0.00156 0.99826
1577837174.725469828 -0.26155 0.00255 -0.26222 0.02636 -0.05286 0.00158 0.99825
1577837174.735470057 -0.26082 0.00335 -0.26477 0.02653 -0.05295 0.00158 0.99824
1577837174.745470047 -0.26011 0.00415 -0.26814 0.02670 -0.05304 0.00156 0.99823
1577837174.755470037 -0.25964 0.00495 -0.27224 0.02686 -0.05310 0.00152 0.99823
1577837174.765470028 -0.25961 0.00573 -0.27693 0.02700 -0.05310 0.00146 0.99822
1577837174.775470018 -0.26014 0.00645 -0.28197 0.02710 -0.05305 0.00139 0.99822
1577837174.785470009 -0.26092 0.00702 -0.28663 0.02715 -0.05297 0.00132 0.99823
1577837174.795469999 -0.26153 0.00732 -0.29004 0.02717 -0.05292 0.00128 0.99823
1577837174.805469990 -0.26164 0.00729 -0.29160 0.02716 -0.05294 0.00127 0.99823
1577837174.815469980 -0.26134 0.00700 -0.29177 0.02712 -0.05299 0.00130 0.99823
1577837174.825469971 -0.26082 0.00657 -0.29124 0.02709 -0.05304 0.00133 0.99822
1577837174.835469961 -0.26026 0.00608 -0.29064 0.02706 -0.05305 0.00137 0.99822
1577837174.845469952 -0.25966 0.00557 -0.29033 0.02703 -0.05305 0.00141 0.99823
1577837174.855469942 -0.25903 0.00504 -0.29061 0.02698 -0.05306 0.00145 0.99823
1577837174.865469933 -0.25840 0.00460 -0.29140 0.02693 -0.05312 0.00149 0.99822
1577837174.875469923 -0.25804 0.00477 -0.29116 0.02688 -0.05317 0.00149 0.99822
1577837174.885469913 -0.25823 0.00619 -0.28798 0.02687 -0.05315 0.00143 0.99822
1577837174.895469904 -0.25915 0.00919 -0.28078 0.02692 -0.05301 0.00129 0.99823
1577837174.905469894 -0.26035 0.01304 -0.27181 0.02702 -0.05283 0.00111 0.99824
1577837174.915469885 -0.26128 0.01670 -0.26415 0.02716 -0.05269 0.00095 0.99824
1577837174.925469875 -0.26151 0.01939 -0.26017 0.02732 -0.05265 0.00087 0.99824
1577837174.935469866 -0.26116 0.02128 -0.25937 0.02749 -0.05270 0.00084 0.99823
1577837174.945469856 -0.26050 0.02276 -0.26054 0.02767 -0.05279 0.00084 0.99822
1577837174.955469847 -0.25975 0.02419 -0.26270 0.02785 -0.05288 0.00085 0.99821
1577837174.965469837 -0.25897 0.02561 -0.26564 0.02803 -0.05298 0.00085 0.99820
1577837174.975469828 -0.25817 0.02704 -0.26939 0.02821 -0.05307 0.00086 0.99819
1577837174.985470057 -0.25742 0.02824 -0.27391 0.02837 -0.05315 0.00087 0.99818
1577837174.995470047 -0.25701 0.02807 -0.27891 0.02839 -0.05320 0.00090 0.99818
1577837175.005470037 -0.25727 0.02517 -0.28404 0.02814 -0.05323 0.00098 0.99819
1577837175.015470028 -0.25837 0.01880 -0.28893 0.02753 -0.05322 0.00112 0.99820
1577837175.025470018 -0.25986 0.01076 -0.29299 0.02676 -0.05319 0.00127 0.99823
1577837175.035470009 -0.26110 0.00345 -0.29560 0.02606 -0.05317 0.00142 0.99824
1577837175.045469999 -0.26163 -0.00128 -0.29636 0.02562 -0.05318 0.00153 0.99826
1577837175.055469990 -0.26155 -0.00395 -0.29572 0.02536 -0.05323 0.00161 0.99826
1577837175.065469980 -0.26115 -0.00565 -0.29433 0.02517 -0.05330 0.00169 0.99826
1577837175.075469971 -0.26064 -0.00728 -0.29280 0.02494 -0.05339 0.00179 0.99826
1577837175.085469961 -0.26009 -0.00896 -0.29148 0.02468 -0.05348 0.00189 0.99826
1577837175.095469952 -0.25951 -0.01064 -0.29068 0.02445 -0.05357 0.00197 0.99826
1577837175.105469942 -0.25897 -0.01208 -0.29063 0.02431 -0.05363 0.00203 0.99826
1577837175.115469933 -0.25867 -0.01230 -0.29126 0.02435 -0.05365 0.00202 0.99826
1577837175.125469923 -0.25886 -0.01015 -0.29243 0.02469 -0.05360 0.00193 0.99826
1577837175.135469913 -0.25966 -0.00499 -0.29394 0.02538 -0.05347 0.00175 0.99825
1577837175.145469904 -0.26073 0.00166 -0.29538 0.02622 -0.05331 0.00153 0.99823
1577837175.155469894 -0.26160 0.00779 -0.29627 0.02697 -0.05317 0.00133 0.99822
1577837175.165469885 -0.26191 0.01184 -0.29627 0.02745 -0.05310 0.00122 0.99821
1577837175.175469875 -0.26176 0.01426 -0.29560 0.02769 -0.05307 0.00117 0.99821
1577837175.185469866 -0.26135 0.01594 -0.29457 0.02783 -0.05305 0.00113 0.99820
1577837175.195469856 -0.26084 0.01764 -0.29353 0.02795 -0.05301 0.00108 0.99820
1577837175.205469847 -0.26027 0.01945 -0.29276 0.02807 -0.05296 0.00102 0.99820
1577837175.215469837 -0.25965 0.02131 -0.29255 0.02818 -0.05292 0.00097 0.99820
1577837175.225469828 -0.25907 0.02295 -0.29294 0.02827 -0.05290 0.00095 0.99820
1577837175.235470057 -0.25882 0.02333 -0.29294 0.02825 -0.05289 0.00096 0.99820
1577837175.245470047 -0.25930 0.02122 -0.29133 0.02801 -0.05287 0.00102 0.99821
1577837175.255470037 -0.26069 0.01597 -0.28738 0.02751 -0.05281 0.00114 0.99822
1577837175.265470028 -0.26244 0.00928 -0.28235 0.02689 -0.05274 0.00127 0.99825
1577837175.275470018 -0.26379 0.00342 -0.27801 0.02634 -0.05270 0.00138 0.99826
1577837175.285470009 -0.26419 0.00010 -0.27574 0.02601 -0.05270 0.00143 0.99827
1577837175.295469999 -0.26381 -0.00114 -0.27536 0.02586 -0.05275 0.00144 0.99827
1577837175.305469990 -0.26300 -0.00136 -0.27630 0.02581 -0.05284 0.00144 0.99827
1577837175.315469980 -0.26206 -0.00142 -0.27808 0.02577 -0.05296 0.00144 0.99826
1577837175.325469971 -0.26107 -0.00148 -0.28062 0.02573 -0.05309 0.00146 0.99826
1577837175.335469961 -0.26005 -0.00154 -0.28395 0.02568 -0.05323 0.00148 0.99825
1577837175.345469952 -0.25907 -0.00150 -0.28791 0.02566 -0.05336 0.00148 0.99824
1577837175.355469942 -0.25843 -0.00087 -0.29175 0.02573 -0.05343 0.00148 0.99824
1577837175.365469933 -0.25850 0.00095 -0.29454 0.02599 -0.05341 0.00145 0.99823
1577837175.375469923 -0.25947 0.00426 -0.29562 0.02648 -0.05326 0.00140 0.99823
1577837175.385469913 -0.26089 0.00825 -0.29533 0.02709 -0.05305 0.00134 0.99822
1577837175.395469904 -0.26212 0.01181 -0.29431 0.02762 -0.05287 0.00129 0.99822
1577837175.405469894 -0.26270 0.01411 -0.29305 0.02795 -0.05278 0.00126 0.99821
1577837175.415469885 -0.26274 0.01540 -0.29168 0.02813 -0.05275 0.00126 0.99821
1577837175.425469875 -0.26249 0.01619 -0.29024 0.02824 -0.05274 0.00126 0.99821
1577837175.435469866 -0.26217 0.01690 -0.28880 0.02836 -0.05271 0.00127 0.99821
1577837175.445469856 -0.26182 0.01763 -0.28759 0.02848 -0.05267 0.00127 0.99821
1577837175.455469847 -0.26144 0.01835 -0.28693 0.02859 -0.05263 0.00128 0.99820
1577837175.465469837 -0.26105 0.01893 -0.28688 0.02867 -0.05262 0.00129 0.99820
1577837175.475469828 -0.26084 0.01880 -0.28667 0.02865 -0.05262 0.00131 0.99820
1577837175.485470057 -0.26102 0.01726 -0.28534 0.02848 -0.05261 0.00135 0.99821
1577837175.495470047 -0.26171 0.01394 -0.28232 0.02811 -0.05259 0.00141 0.99822
1577837175.505470037 -0.26257 0.00985 -0.27867 0.02766 -0.05257 0.00148 0.99823
1577837175.515470028 -0.26318 0.00636 -0.27590 0.02727 -0.05259 0.00153 0.99824
1577837175.525470018 -0.26319 0.00447 -0.27513 0.02706 -0.05265 0.00156 0.99824
1577837175.535470009 -0.26272 0.00388 -0.27618 0.02699 -0.05276 0.00156 0.99824
1577837175.545469999 -0.26199 0.00394 -0.27851 0.02699 -0.05290 0.00155 0.99823
1577837175.555469990 -0.26117 0.00411 -0.28166 0.02702 -0.05303 0.00154 0.99823
1577837175.565469980 -0.26031 0.00428 -0.28556 0.02706 -0.05318 0.00153 0.99822
1577837175.575469971 -0.25942 0.00445 -0.29023 0.02709 -0.05332 0.00152 0.99821
1577837175.585469961 -0.25857 0.00463 -0.29538 0.02713 -0.05346 0.00151 0.99820
1577837175.595469952 -0.25814 0.00485 -0.29955 0.02713 -0.05353 0.00151 0.99820
1577837175.605469942 -0.25856 0.00517 -0.30097 0.02709 -0.05348 0.00151 0.99820
1577837175.615469933 -0.26006 0.00562 -0.29853 0.02699 -0.05327 0.00153 0.99821
1577837175.625469923 -0.26209 0.00612 -0.29374 0.02687 -0.05299 0.00154 0.99823
1577837175.635469913 -0.26385 0.00658 -0.28877 0.02677 -0.05274 0.00155 0.99825
1577837175.645469904 -0.26474 0.00695 -0.28533 0.02671 -0.05262 0.00156 0.99826
1577837175.655469894 -0.26494 0.00721 -0.28319 0.02669 -0.05258 0.00158 0.99826
1577837175.665469885 -0.26476 0.00740 -0.28170 0.02668 -0.05258 0.00162 0.99826
1577837175.675469875 -0.26450 0.00755 -0.28033 0.02668 -0.05256 0.00169 0.99826
1577837175.685469866 -0.26419 0.00768 -0.27920 0.02667 -0.05253 0.00178 0.99826
1577837175.695469856 -0.26385 0.00781 -0.27860 0.02667 -0.05251 0.00184 0.99826
1577837175.705469847 -0.26350 0.00794 -0.27862 0.02669 -0.05251 0.00186 0.99826
1577837175.715469837 -0.26332 0.00791 -0.27862 0.02671 -0.05253 0.00183 0.99826
1577837175.725469828 -0.26352 0.00753 -0.27780 0.02674 -0.05252 0.00176 0.99826
1577837175.735470057 -0.26422 0.00670 -0.27564 0.02678 -0.05249 0.00167 0.99826
1577837175.745470047 -0.26508 0.00571 -0.27295 0.02681 -0.05245 0.00156 0.99826
1577837175.755470037 -0.26565 0.00495 -0.27085 0.02681 -0.05245 0.00147 0.99826
1577837175.765470028 -0.26560 0.00469 -0.27023 0.02676 -0.05251 0.00140 0.99826
1577837175.775470018 -0.26504 0.00485 -0.27098 0.02669 -0.05261 0.00136 0.99826
1577837175.785470009 -0.26418 0.00522 -0.27275 0.02659 -0.05274 0.00134 0.99825
1577837175.795469999 -0.26322 0.00563 -0.27525 0.02650 -0.05288 0.00132 0.99825
1577837175.805469990 -0.26219 0.00606 -0.27846 0.02641 -0.05303 0.00130 0.99824
1577837175.815469980 -0.26113 0.00649 -0.28240 0.02631 -0.05317 0.00129 0.99824
1577837175.825469971 -0.26006 0.00684 -0.28694 0.02621 -0.05330 0.00128 0.99823
1577837175.835469961 -0.25912 0.00675 -0.29132 0.02611 -0.05341 0.00128 0.99823
1577837175.845469952 -0.25846 0.00579 -0.29461 0.02599 -0.05346 0.00131 0.99823
1577837175.855469942 -0.25815 0.00375 -0.29615 0.02585 -0.05344 0.00135 0.99824
1577837175.865469933 -0.25805 0.00130 -0.29634 0.02573 -0.05339 0.00141 0.99824
1577837175.875469923 -0.25794 -0.00066 -0.29584 0.02566 -0.05335 0.00145 0.99825
1577837175.885469913 -0.25766 -0.00146 -0.29521 0.02566 -0.05335 0.00148 0.99825
1577837175.895469904 -0.25723 -0.00133 -0.29460 0.02570 -0.05339 0.00149 0.99824
1577837175.905469894 -0.25672 -0.00073 -0.29404 0.02577 -0.05346 0.00149 0.99824
1577837175.915469885 -0.25619 -0.00003 -0.29359 0.02582 -0.05353 0.00150 0.99823
1577837175.925469875 -0.25566 0.00069 -0.29346 0.02587 -0.05360 0.00150 0.99823
1577837175.935469866 -0.25512 0.00143 -0.29388 0.02593 -0.05366 0.00151 0.99822
1577837175.945469856 -0.25464 0.00217 -0.29478 0.02600 -0.05372 0.00150 0.99822
1577837175.955469847 -0.25469 0.00287 -0.29492 0.02607 -0.05371 0.00147 0.99822
1577837175.965469837 -0.25580 0.00349 -0.29276 0.02613 -0.05359 0.00140 0.99822
1577837175.975469828 -0.25825 0.00400 -0.28742 0.02616 -0.05334 0.00130 0.99823
1577837175.985470057 -0.26121 0.00444 -0.28063 0.02618 -0.05303 0.00119 0.99825
1577837175.995470047 -0.26358 0.00487 -0.27478 0.02619 -0.05280 0.00109 0.99826
1577837176.005470037 -0.26453 0.00534 -0.27171 0.02618 -0.05271 0.00103 0.99827
1577837176.015470028 -0.26431 0.00584 -0.27108 0.02617 -0.05275 0.00100 0.99826
1577837176.025470018 -0.26346 0.00636 -0.27198 0.02615 -0.05286 0.00099 0.99826
1577837176.035470009 -0.26243 0.00689 -0.27367 0.02614 -0.05297 0.00098 0.99825
1577837176.045469999 -0.26134 0.00742 -0.27604 0.02612 -0.05309 0.00097 0.99825
1577837176.055469990 -0.26019 0.00794 -0.27912 0.02610 -0.05321 0.00096 0.99824
1577837176.065469980 -0.25909 0.00842 -0.28266 0.02608 -0.05333 0.00095 0.99824
1577837176.075469971 -0.25841 0.00862 -0.28527 0.02606 -0.05340 0.00095 0.99823
1577837176.085469961 -0.25863 0.00826 -0.28527 0.02604 -0.05340 0.00096 0.99823
1577837176.095469952 -0.25997 0.00720 -0.28166 0.02605 -0.05329 0.00099 0.99824
1577837176.105469942 -0.26183 0.00587 -0.27623 0.02609 -0.05314 0.00102 0.99825
1577837176.115469933 -0.26338 0.00482 -0.27143 0.02617 -0.05304 0.00104 0.99825
1577837176.125469923 -0.26398 0.00447 -0.26918 0.02630 -0.05303 0.00105 0.99825
1577837176.135469913 -0.26381 0.00468 -0.26919 0.02647 -0.05310 0.00104 0.99824
1577837176.145469904 -0.26322 0.00517 -0.27068 0.02666 -0.05322 0.00102 0.99823
1577837176.155469894 -0.26252 0.00570 -0.27295 0.02684 -0.05335 0.00100 0.99821
1577837176.165469885 -0.26178 0.00624 -0.27590 0.02701 -0.05346 0.00098 0.99820
1577837176.175469875 -0.26100 0.00677 -0.27955 0.02720 -0.05356 0.00097 0.99819
1577837176.185469866 -0.26025 0.00726 -0.28377 0.02738 -0.05364 0.00096 0.99818
1577837176.195469856 -0.25975 0.00743 -0.28780 0.02747 -0.05366 0.00097 0.99818
1577837176.205469847 -0.25977 0.00697 -0.29072 0.02739 -0.05359 0.00100 0.99819
1577837176.215469837 -0.26047 0.00570 -0.29189 0.02708 -0.05344 0.00106 0.99820
1577837176.225469828 -0.26147 0.00402 -0.29173 0.02664 -0.05325 0.00114 0.99822
1577837176.235470057 -0.26230 0.00251 -0.29095 0.02624 -0.05310 0.00122 0.99824
1577837176.245470047 -0.26258 0.00158 -0.29011 0.02598 -0.05304 0.00129 0.99825
1577837176.255470037 -0.26240 0.00113 -0.28934 0.02583 -0.05305 0.00134 0.99826
1577837176.265470028 -0.26198 0.00093 -0.28863 0.02574 -0.05308 0.00136 0.99826
1577837176.275470018 -0.26148 0.00078 -0.28801 0.02564 -0.05310 0.00137 0.99826
1577837176.285470009 -0.26094 0.00065 -0.28766 0.02553 -0.05311 0.00136 0.99826
1577837176.295469999 -0.26036 0.00052 -0.28784 0.02543 -0.05314 0.00137 0.99826
1577837176.305469990 -0.25976 0.00049 -0.28856 0.02536 -0.05318 0.00141 0.99826
1577837176.315469980 -0.25936 0.00106 -0.28900 0.02542 -0.05321 0.00144 0.99826
1577837176.325469971 -0.25942 0.00283 -0.28811 0.02572 -0.05318 0.00145 0.99825
1577837176.335469961 -0.26008 0.00613 -0.28530 0.02630 -0.05306 0.00140 0.99824
1577837176.345469952 -0.26102 0.01016 -0.28164 0.02703 -0.05291 0.00131 0.99823
1577837176.355469942 -0.26178 0.01386 -0.27865 0.02769 -0.05279 0.00124 0.99822
1577837176.365469933 -0.26204 0.01642 -0.27751 0.02812 -0.05274 0.00120 0.99821
1577837176.375469923 -0.26188 0.01804 -0.27806 0.02837 -0.05276 0.00118 0.99820
1577837176.385469913 -0.26148 0.01921 -0.27978 0.02852 -0.05281 0.00118 0.99820
1577837176.395469904 -0.26101 0.02030 -0.28227 0.02865 -0.05287 0.00119 0.99819
1577837176.405469894 -0.26050 0.02139 -0.28544 0.02877 -0.05292 0.00120 0.99818
1577837176.415469885 -0.25995 0.02249 -0.28932 0.02890 -0.05298 0.00121 0.99818
1577837176.425469875 -0.25940 0.02341 -0.29372 0.02900 -0.05305 0.00122 0.99817
1577837176.435469866 -0.25905 0.02320 -0.29772 0.02898 -0.05310 0.00124 0.99817
1577837176.445469856 -0.25912 0.02072 -0.30022 0.02872 -0.05312 0.00129 0.99817
1577837176.455469847 -0.25975 0.01536 -0.30048 0.02813 -0.05311 0.00136 0.99819
1577837176.465469837 -0.26063 0.00868 -0.29919 0.02739 -0.05308 0.00145 0.99821
1577837176.475469828 -0.26135 0.00276 -0.29739 0.02672 -0.05307 0.00153 0.99823
1577837176.485470057 -0.26160 -0.00084 -0.29593 0.02629 -0.05309 0.00159 0.99824
1577837176.495470047 -0.26145 -0.00256 -0.29484 0.02604 -0.05314 0.00164 0.99825
1577837176.505470037 -0.26107 -0.00335 -0.29391 0.02588 -0.05320 0.00169 0.99825
1577837176.515470028 -0.26062 -0.00401 -0.29305 0.02573 -0.05327 0.00174 0.99825
1577837176.525470018 -0.26011 -0.00467 -0.29241 0.02557 -0.05333 0.00178 0.99825
1577837176.535470009 -0.25957 -0.00532 -0.29225 0.02543 -0.05339 0.00182 0.99825
1577837176.545469999 -0.25904 -0.00582 -0.29255 0.02532 -0.05344 0.00183 0.99825
1577837176.555469990 -0.25882 -0.00549 -0.29226 0.02533 -0.05344 0.00180 0.99825
1577837176.565469980 -0.25928 -0.00357 -0.29006 0.02553 -0.05333 0.00173 0.99825
1577837176.575469971 -0.26058 0.00037 -0.28520 0.02597 -0.05310 0.00160 0.99825
1577837176.585469961 -0.26223 0.00522 -0.27913 0.02654 -0.05282 0.00146 0.99825
1577837176.595469952 -0.26354 0.00953 -0.27386 0.02705 -0.05258 0.00134 0.99825
1577837176.605469942 -0.26401 0.01217 -0.27093 0.02740 -0.05247 0.00130 0.99825
1577837176.615469933 -0.26378 0.01347 -0.27008 0.02761 -0.05245 0.00131 0.99824
1577837176.625469923 -0.26316 0.01410 -0.27057 0.02775 -0.05248 0.00135 0.99824
1577837176.635469913 -0.26241 0.01462 -0.27180 0.02788 -0.05252 0.00140 0.99823
1577837176.645469904 -0.26160 0.01514 -0.27367 0.02800 -0.05256 0.00144 0.99822
1577837176.655469894 -0.26074 0.01566 -0.27621 0.02812 -0.05261 0.00149 0.99822
1577837176.665469885 -0.25988 0.01605 -0.27936 0.02822 -0.05265 0.00153 0.99821
1577837176.675469875 -0.25927 0.01564 -0.28273 0.02822 -0.05270 0.00157 0.99821
1577837176.685469866 -0.25919 0.01363 -0.28583 0.02802 -0.05276 0.00161 0.99821
1577837176.695469856 -0.25979 0.00962 -0.28831 0.02755 -0.05283 0.00163 0.99822
1577837176.705469847 -0.26068 0.00477 -0.29017 0.02697 -0.05291 0.00164 0.99823
1577837176.715469837 -0.26134 0.00065 -0.29157 0.02646 -0.05301 0.00165 0.99824
1577837176.725469828 -0.26137 -0.00156 -0.29265 0.02616 -0.05313 0.00165 0.99824
1577837176.735470057 -0.26089 -0.00223 -0.29361 0.02605 -0.05326 0.00165 0.99824
1577837176.745470047 -0.26013 -0.00212 -0.29465 0.02601 -0.05338 0.00164 0.99823
1577837176.755470037 -0.25927 -0.00187 -0.29597 0.02598 -0.05350 0.00163 0.99823
1577837176.765470028 -0.25835 -0.00160 -0.29773 0.02594 -0.05360 0.00162 0.99822
1577837176.775470018 -0.25738 -0.00131 -0.30005 0.02591 -0.05371 0.00161 0.99822
1577837176.785470009 -0.25645 -0.00096 -0.30271 0.02590 -0.05383 0.00159 0.99821
1577837176.795469999 -0.25605 -0.00027 -0.30394 0.02594 -0.05387 0.00158 0.99821
1577837176.805469990 -0.25676 0.00109 -0.30162 0.02609 -0.05375 0.00156 0.99821
1577837176.815469980 -0.25888 0.00328 -0.29455 0.02635 -0.05345 0.00152 0.99822
1577837176.825469971 -0.26164 0.00583 -0.28523 0.02667 -0.05305 0.00148 0.99823
1577837176.835469961 -0.26399 0.00807 -0.27709 0.02696 -0.05273 0.00145 0.99824
1577837176.845469952 -0.26513 0.00954 -0.27278 0.02714 -0.05258 0.00144 0.99825
1577837176.855469942 -0.26528 0.01039 -0.27175 0.02724 -0.05258 0.00144 0.99824
1577837176.865469933 -0.26491 0.01092 -0.27267 0.02730 -0.05266 0.00145 0.99824
1577837176.875469923 -0.26441 0.01140 -0.27445 0.02735 -0.05274 0.00146 0.99823
1577837176.885469913 -0.26386 0.01189 -0.27686 0.02740 -0.05282 0.00146 0.99823
1577837176.895469904 -0.26325 0.01237 -0.27992 0.02745 -0.05290 0.00146 0.99822
1577837176.905469894 -0.26264 0.01274 -0.28357 0.02748 -0.05299 0.00148 0.99822
1577837176.915469885 -0.26219 0.01248 -0.28731 0.02746 -0.05307 0.00151 0.99821
1577837176.925469875 -0.26215 0.01097 -0.29059 0.02734 -0.05310 0.00154 0.99821
1577837176.935469866 -0.26263 0.00788 -0.29294 0.02709 -0.05308 0.00157 0.99822
1577837176.945469856 -0.26340 0.00413 -0.29438 0.02678 -0.05304 0.00159 0.99823
1577837176.955469847 -0.26411 0.00090 -0.29502 0.02652 -0.05300 0.00161 0.99824
1577837176.965469837 -0.26451 -0.00087 -0.29499 0.02638 -0.05301 0.00162 0.99824
1577837176.975469828 -0.26465 -0.00148 -0.29451 0.02633 -0.05304 0.00163 0.99824
1577837176.985470057 -0.26466 -0.00150 -0.29379 0.02633 -0.05307 0.00163 0.99824
1577837176.995470047 -0.26464 -0.00141 -0.29307 0.02633 -0.05308 0.00162 0.99824
1577837177.005470037 -0.26460 -0.00131 -0.29258 0.02634 -0.05310 0.00163 0.99824
1577837177.015470028 -0.26452 -0.00121 -0.29255 0.02634 -0.05312 0.00163 0.99824
1577837177.025470018 -0.26441 -0.00105 -0.29290 0.02633 -0.05315 0.00163 0.99824
1577837177.035470009 -0.26440 -0.00056 -0.29243 0.02634 -0.05316 0.00162 0.99824
1577837177.045469999 -0.26467 0.00056 -0.28962 0.02637 -0.05308 0.00158 0.99824
1577837177.055469990 -0.26530 0.00252 -0.28362 0.02644 -0.05288 0.00150 0.99825
1577837177.065469980 -0.26605 0.00487 -0.27624 0.02654 -0.05265 0.00141 0.99826
1577837177.075469971 -0.26659 0.00705 -0.26993 0.02665 -0.05246 0.00133 0.99827
1577837177.085469961 -0.26667 0.00863 -0.26660 0.02676 -0.05239 0.00129 0.99827
1577837177.095469952 -0.26638 0.00971 -0.26584 0.02687 -0.05242 0.00127 0.99826
1577837177.105469942 -0.26587 0.01056 -0.26666 0.02696 -0.05249 0.00126 0.99826
1577837177.115469933 -0.26528 0.01136 -0.26826 0.02705 -0.05256 0.00125 0.99825
1577837177.125469923 -0.26464 0.01216 -0.27047 0.02714 -0.05264 0.00125 0.99824
1577837177.135469913 -0.26394 0.01296 -0.27333 0.02722 -0.05272 0.00124 0.99824
1577837177.145469904 -0.26324 0.01367 -0.27673 0.02729 -0.05281 0.00125 0.99823
1577837177.155469894 -0.26278 0.01392 -0.28016 0.02732 -0.05289 0.00126 0.99823
1577837177.165469885 -0.26284 0.01324 -0.28299 0.02728 -0.05291 0.00127 0.99823
1577837177.175469875 -0.26361 0.01139 -0.28467 0.02714 -0.05286 0.00127 0.99823
1577837177.185469866 -0.26477 0.00913 -0.28513 0.02695 -0.05277 0.00126 0.99824
1577837177.195469856 -0.26587 0.00742 -0.28436 0.02677 -0.05268 0.00124 0.99825
1577837177.205469847 -0.26657 0.00700 -0.28243 0.02666 -0.05262 0.00121 0.99826
1577837177.215469837 -0.26694 0.00762 -0.27963 0.02660 -0.05260 0.00116 0.99826
1577837177.225469828 -0.26714 0.00882 -0.27628 0.02658 -0.05258 0.00111 0.99826
1577837177.235470057 -0.26731 0.01018 -0.27273 0.02656 -0.05254 0.00105 0.99826
1577837177.245470047 -0.26745 0.01160 -0.26927 0.02654 -0.05251 0.00098 0.99827
1577837177.255470037 -0.26755 0.01304 -0.26618 0.02651 -0.05248 0.00093 0.99827
1577837177.265470028 -0.26758 0.01439 -0.26368 0.02647 -0.05247 0.00088 0.99827
1577837177.275470018 -0.26750 0.01513 -0.26165 0.02644 -0.05247 0.00087 0.99827
1577837177.285470009 -0.26728 0.01469 -0.25988 0.02644 -0.05248 0.00092 0.99827
1577837177.295469999 -0.26689 0.01277 -0.25825 0.02646 -0.05249 0.00102 0.99827
1577837177.305469990 -0.26642 0.01017 -0.25682 0.02653 -0.05250 0.00115 0.99827
1577837177.315469980 -0.26597 0.00800 -0.25575 0.02662 -0.05252 0.00127 0.99826
1577837177.325469971 -0.26563 0.00708 -0.25514 0.02673 -0.05255 0.00133 0.99826
1577837177.335469961 -0.26536 0.00718 -0.25506 0.02685 -0.05258 0.00134 0.99825
1577837177.345469952 -0.26510 0.00779 -0.25553 0.02698 -0.05261 0.00134 0.99825
1577837177.355469942 -0.26481 0.00849 -0.25659 0.02711 -0.05265 0.00134 0.99824
1577837177.365469933 -0.26447 0.00920 -0.25826 0.02724 -0.05268 0.00134 0.99824
1577837177.375469923 -0.26409 0.00991 -0.26055 0.02737 -0.05272 0.00134 0.99823
1577837177.385469913 -0.26369 0.01063 -0.26344 0.02749 -0.05275 0.00132 0.99823
1577837177.395469904 -0.26339 0.01133 -0.26679 0.02757 -0.05277 0.00130 0.99823
1577837177.405469894 -0.26333 0.01197 -0.27042 0.02758 -0.05278 0.00125 0.99822
1577837177.415469885 -0.26360 0.01256 -0.27404 0.02752 -0.05276 0.00119 0.99823
1577837177.425469875 -0.26401 0.01322 -0.27697 0.02741 -0.05272 0.00112 0.99823
1577837177.435469866 -0.26433 0.01411 -0.27845 0.02733 -0.05268 0.00106 0.99824
1577837177.445469856 -0.26437 0.01535 -0.27795 0.02731 -0.05265 0.00102 0.99824
1577837177.455469847 -0.26418 0.01688 -0.27591 0.02735 -0.05261 0.00098 0.99824
1577837177.465469837 -0.26385 0.01861 -0.27302 0.02743 -0.05257 0.00094 0.99824
1577837177.475469828 -0.26346 0.02047 -0.26990 0.02752 -0.05252 0.00088 0.99824
1577837177.485470057 -0.26301 0.02240 -0.26688 0.02761 -0.05246 0.00082 0.99824
1577837177.495470047 -0.26250 0.02435 -0.26425 0.02769 -0.05241 0.00076 0.99824
1577837177.505470037 -0.26199 0.02617 -0.26222 0.02776 -0.05238 0.00073 0.99824
1577837177.515470028 -0.26177 0.02723 -0.26078 0.02780 -0.05236 0.00073 0.99824
1577837177.525470018 -0.26221 0.02678 -0.25986 0.02779 -0.05234 0.00075 0.99824
1577837177.535470009 -0.26349 0.02444 -0.25939 0.02774 -0.05232 0.00081 0.99824
1577837177.545469999 -0.26515 0.02123 -0.25934 0.02768 -0.05230 0.00087 0.99825
1577837177.555469990 -0.26656 0.01852 -0.25966 0.02768 -0.05230 0.00093 0.99825
1577837177.565469980 -0.26725 0.01735 -0.26032 0.02777 -0.05232 0.00098 0.99824
1577837177.575469971 -0.26733 0.01745 -0.26140 0.02794 -0.05237 0.00100 0.99824
1577837177.585469961 -0.26708 0.01819 -0.26298 0.02814 -0.05242 0.00101 0.99823
1577837177.595469952 -0.26672 0.01905 -0.26513 0.02836 -0.05247 0.00100 0.99822
1577837177.605469942 -0.26631 0.01993 -0.26788 0.02859 -0.05252 0.00098 0.99821
1577837177.615469933 -0.26585 0.02081 -0.27124 0.02882 -0.05256 0.00097 0.99820
1577837177.625469923 -0.26539 0.02170 -0.27498 0.02903 -0.05260 0.00096 0.99819
1577837177.635469913 -0.26523 0.02264 -0.27792 0.02918 -0.05260 0.00095 0.99819
1577837177.645469904 -0.26571 0.02366 -0.27865 0.02921 -0.05253 0.00091 0.99819
1577837177.655469894 -0.26702 0.02478 -0.27626 0.02909 -0.05236 0.00083 0.99820
1577837177.665469885 -0.26869 0.02585 -0.27197 0.02889 -0.05215 0.00072 0.99822
1577837177.675469875 -0.27010 0.02667 -0.26750 0.02874 -0.05194 0.00060 0.99824
1577837177.685469866 -0.27078 0.02711 -0.26422 0.02871 -0.05177 0.00049 0.99825
1577837177.695469856 -0.27083 0.02722 -0.26197 0.02878 -0.05165 0.00040 0.99825
1577837177.705469847 -0.27050 0.02711 -0.26027 0.02887 -0.05157 0.00033 0.99825
1577837177.715469837 -0.27001 0.02687 -0.25871 0.02894 -0.05151 0.00027 0.99825
1577837177.725469828 -0.26943 0.02659 -0.25738 0.02902 -0.05146 0.00020 0.99825
1577837177.735470057 -0.26880 0.02634 -0.25651 0.02915 -0.05137 0.00010 0.99825
1577837177.745470047 -0.26820 0.02618 -0.25629 0.02934 -0.05123 -0.00005 0.99826
1577837177.755470037 -0.26784 0.02611 -0.25687 0.02953 -0.05111 -0.00017 0.99826
1577837177.765470028 -0.26799 0.02613 -0.25839 0.02961 -0.05109 -0.00016 0.99826
1577837177.775470018 -0.26878 0.02624 -0.26081 0.02952 -0.05120 0.00003 0.99825
1577837177.785470009 -0.26993 0.02656 -0.26346 0.02935 -0.05139 0.00031 0.99825
1577837177.795469999 -0.27104 0.02724 -0.26550 0.02923 -0.05155 0.00057 0.99824
1577837177.805469990 -0.27181 0.02837 -0.26633 0.02928 -0.05162 0.00070 0.99824
1577837177.815469980 -0.27227 0.02984 -0.26638 0.02944 -0.05162 0.00074 0.99823
1577837177.825469971 -0.27253 0.03147 -0.26636 0.02965 -0.05162 0.00074 0.99823
1577837177.835469961 -0.27268 0.03312 -0.26684 0.02987 -0.05164 0.00074 0.99822
1577837177.845469952 -0.27277 0.03478 -0.26793 0.03007 -0.05170 0.00075 0.99821
1577837177.855469942 -0.27280 0.03644 -0.26962 0.03028 -0.05175 0.00076 0.99820
1577837177.865469933 -0.27274 0.03786 -0.27185 0.03046 -0.05180 0.00076 0.99819
1577837177.875469923 -0.27239 0.03775 -0.27438 0.03047 -0.05186 0.00079 0.99819
1577837177.885469913 -0.27151 0.03457 -0.27690 0.03010 -0.05197 0.00086 0.99819
1577837177.895469904 -0.26999 0.02751 -0.27913 0.02928 -0.05214 0.00099 0.99821
1577837177.905469894 -0.26818 0.01866 -0.28086 0.02823 -0.05234 0.00114 0.99823
1577837177.915469885 -0.26657 0.01084 -0.28193 0.02731 -0.05253 0.00129 0.99824
1577837177.925469875 -0.26552 0.00618 -0.28222 0.02678 -0.05267 0.00139 0.99825
1577837177.935469866 -0.26491 0.00409 -0.28196 0.02654 -0.05277 0.00145 0.99825
1577837177.945469856 -0.26449 0.00327 -0.28141 0.02645 -0.05285 0.00149 0.99825
1577837177.955469847 -0.26406 0.00266 -0.28086 0.02636 -0.05295 0.00153 0.99825
1577837177.965469837 -0.26359 0.00206 -0.28051 0.02628 -0.05305 0.00158 0.99825
1577837177.975469828 -0.26306 0.00147 -0.28058 0.02620 -0.05314 0.00161 0.99824
1577837177.985470057 -0.26254 0.00097 -0.28105 0.02615 -0.05323 0.00165 0.99824
1577837177.995470047 -0.26230 0.00091 -0.28107 0.02618 -0.05325 0.00167 0.99824
1577837178.005470037 -0.26269 0.00169 -0.27955 0.02636 -0.05318 0.00167 0.99824
1577837178.015470028 -0.26388 0.00355 -0.27589 0.02670 -0.05298 0.00163 0.99824
1577837178.025470018 -0.26542 0.00593 -0.27129 0.02715 -0.05272 0.00159 0.99824
1577837178.035470009 -0.26670 0.00810 -0.26743 0.02758 -0.05251 0.00154 0.99824
1577837178.045469999 -0.26725 0.00949 -0.26560 0.02791 -0.05242 0.00151 0.99823
1577837178.055469990 -0.26720 0.01026 -0.26556 0.02816 -0.05242 0.00149 0.99823
1577837178.065469980 -0.26682 0.01071 -0.26667 0.02836 -0.05246 0.00150 0.99822
1577837178.075469971 -0.26633 0.01110 -0.26842 0.02855 -0.05252 0.00151 0.99821
1577837178.085469961 -0.26577 0.01150 -0.27073 0.02873 -0.05257 0.00154 0.99820
1577837178.095469952 -0.26516 0.01190 -0.27361 0.02891 -0.05263 0.00157 0.99819
1577837178.105469942 -0.26453 0.01221 -0.27693 0.02907 -0.05268 0.00160 0.99819
1577837178.115469933 -0.26404 0.01194 -0.27997 0.02908 -0.05272 0.00162 0.99818
1577837178.125469923 -0.26390 0.01051 -0.28184 0.02879 -0.05274 0.00163 0.99819
1577837178.135469913 -0.26424 0.00761 -0.28195 0.02813 -0.05272 0.00161 0.99821
1577837178.145469904 -0.26482 0.00406 -0.28083 0.02730 -0.05269 0.00158 0.99824
1577837178.155469894 -0.26533 0.00097 -0.27930 0.02658 -0.05267 0.00156 0.99826
1577837178.165469885 -0.26553 -0.00082 -0.27803 0.02618 -0.05268 0.00155 0.99827
1577837178.175469875 -0.26546 -0.00156 -0.27705 0.02604 -0.05271 0.00155 0.99827
1577837178.185469866 -0.26523 -0.00177 -0.27626 0.02603 -0.05276 0.00155 0.99827
1577837178.195469856 -0.26494 -0.00187 -0.27558 0.02605 -0.05281 0.00155 0.99826
1577837178.205469847 -0.26461 -0.00196 -0.27515 0.02608 -0.05286 0.00156 0.99826
1577837178.215469837 -0.26422 -0.00204 -0.27514 0.02610 -0.05291 0.00157 0.99826
1577837178.225469828 -0.26380 -0.00205 -0.27559 0.02613 -0.05295 0.00159 0.99825
1577837178.235470057 -0.26351 -0.00170 -0.27598 0.02620 -0.05296 0.00160 0.99825
1577837178.245470047 -0.26354 -0.00061 -0.27562 0.02632 -0.05293 0.00159 0.99825
1577837178.255470037 -0.26398 0.00139 -0.27411 0.02651 -0.05285 0.00156 0.99825
1577837178.265470028 -0.26457 0.00377 -0.27214 0.02674 -0.05276 0.00153 0.99825
1577837178.275470018 -0.26498 0.00579 -0.27063 0.02697 -0.05270 0.00150 0.99825
1577837178.285470009 -0.26494 0.00693 -0.27032 0.02714 -0.05272 0.00151 0.99824
1577837178.295469999 -0.26453 0.00736 -0.27112 0.02726 -0.05280 0.00154 0.99823
1577837178.305469990 -0.26388 0.00742 -0.27273 0.02736 -0.05291 0.00157 0.99822
1577837178.315469980 -0.26313 0.00740 -0.27491 0.02745 -0.05302 0.00161 0.99821
1577837178.325469971 -0.26232 0.00739 -0.27761 0.02754 -0.05313 0.00164 0.99821
1577837178.335469961 -0.26144 0.00737 -0.28086 0.02764 -0.05324 0.00168 0.99820
1577837178.345469952 -0.26059 0.00736 -0.28443 0.02773 -0.05332 0.00171 0.99819
1577837178.355469942 -0.26020 0.00728 -0.28715 0.02776 -0.05335 0.00172 0.99819
1577837178.365469933 -0.26074 0.00706 -0.28760 0.02768 -0.05328 0.00169 0.99819
1577837178.375469923 -0.26250 0.00670 -0.28490 0.02744 -0.05308 0.00161 0.99821
1577837178.385469913 -0.26489 0.00640 -0.28042 0.02714 -0.05283 0.00149 0.99823
1577837178.395469904 -0.26708 0.00645 -0.27608 0.02691 -0.05261 0.00138 0.99825
1577837178.405469894 -0.26845 0.00705 -0.27337 0.02684 -0.05249 0.00130 0.99826
1577837178.415469885 -0.26915 0.00809 -0.27211 0.02691 -0.05245 0.00125 0.99826
1577837178.425469875 -0.26949 0.00938 -0.27168 0.02704 -0.05244 0.00121 0.99826
1577837178.435469866 -0.26976 0.01076 -0.27158 0.02718 -0.05244 0.00118 0.99825
1577837178.445469856 -0.27000 0.01218 -0.27182 0.02731 -0.05244 0.00115 0.99825
1577837178.455469847 -0.27019 0.01362 -0.27253 0.02745 -0.05244 0.00113 0.99825
1577837178.465469837 -0.27031 0.01507 -0.27380 0.02758 -0.05244 0.00110 0.99824
1577837178.475469828 -0.27038 0.01652 -0.27565 0.02772 -0.05244 0.00108 0.99824
1577837178.485470057 -0.27038 0.01797 -0.27806 0.02785 -0.05246 0.00106 0.99823
1577837178.495470047 -0.27032 0.01943 -0.28102 0.02799 -0.05248 0.00105 0.99823
1577837178.505470037 -0.27019 0.02090 -0.28454 0.02812 -0.05251 0.00104 0.99822
1577837178.515470028 -0.27001 0.02237 -0.28860 0.02825 -0.05253 0.00102 0.99822
1577837178.525470018 -0.26978 0.02386 -0.29321 0.02838 -0.05254 0.00099 0.99821
1577837178.535470009 -0.26950 0.02536 -0.29838 0.02852 -0.05254 0.00096 0.99821
1577837178.545469999 -0.26915 0.02687 -0.30410 0.02866 -0.05254 0.00093 0.99821
1577837178.555469990 -0.26875 0.02837 -0.31037 0.02880 -0.05254 0.00091 0.99820
1577837178.565469980 -0.26830 0.02989 -0.31720 0.02894 -0.05254 0.00089 0.99820
