1698136422.890434742 -0.34406 -0.00968 -0.20614 0.00475 0.10458 -0.00050 0.99450
1698136422.900434732 -0.34406 -0.00968 -0.20614 0.00475 0.10458 -0.00050 0.99450
1698136422.910434723 -0.34406 -0.00968 -0.20614 0.00475 0.10458 -0.00050 0.99450
1698136422.920434713 -0.34406 -0.00968 -0.20614 0.00475 0.10458 -0.00050 0.99450
1698136422.930434704 -0.34407 -0.00967 -0.20612 0.00476 0.10458 -0.00050 0.99450
1698136422.940434694 -0.34415 -0.00964 -0.20601 0.00479 0.10455 -0.00050 0.99451
1698136422.950434685 -0.34436 -0.00955 -0.20572 0.00489 0.10449 -0.00049 0.99451
1698136422.960434675 -0.34474 -0.00937 -0.20516 0.00504 0.10436 -0.00049 0.99453
1698136422.970434666 -0.34521 -0.00910 -0.20432 0.00516 0.10419 -0.00058 0.99454
1698136422.980434656 -0.34565 -0.00872 -0.20318 0.00510 0.10400 -0.00086 0.99456
1698136422.990434647 -0.34598 -0.00825 -0.20181 0.00478 0.10380 -0.00138 0.99459
1698136423.000434637 -0.34621 -0.00772 -0.20054 0.00429 0.10356 -0.00205 0.99461
1698136423.010434628 -0.34636 -0.00720 -0.19979 0.00373 0.10327 -0.00271 0.99464
1698136423.020434856 -0.34647 -0.00674 -0.19989 0.00322 0.10291 -0.00324 0.99468
1698136423.030434847 -0.34657 -0.00631 -0.20089 0.00279 0.10250 -0.00365 0.99472
1698136423.040434837 -0.34666 -0.00589 -0.20276 0.00250 0.10211 -0.00395 0.99476
1698136423.050434828 -0.34676 -0.00547 -0.20539 0.00236 0.10177 -0.00415 0.99480
1698136423.060434818 -0.34676 -0.00517 -0.20828 0.00237 0.10152 -0.00426 0.99482
1698136423.070434809 -0.34657 -0.00511 -0.21087 0.00253 0.10139 -0.00427 0.99483
1698136423.080434799 -0.34611 -0.00535 -0.21268 0.00283 0.10139 -0.00419 0.99483
1698136423.090434790 -0.34545 -0.00575 -0.21374 0.00318 0.10149 -0.00410 0.99482
1698136423.100434780 -0.34473 -0.00609 -0.21417 0.00351 0.10160 -0.00411 0.99481
1698136423.110434771 -0.34403 -0.00620 -0.21410 0.00374 0.10167 -0.00427 0.99480
1698136423.120434761 -0.34334 -0.00612 -0.21367 0.00390 0.10172 -0.00457 0.99480
1698136423.130434752 -0.34263 -0.00594 -0.21301 0.00399 0.10176 -0.00499 0.99479
1698136423.140434742 -0.34188 -0.00573 -0.21229 0.00404 0.10181 -0.00550 0.99478
1698136423.150434732 -0.34109 -0.00550 -0.21181 0.00406 0.10188 -0.00608 0.99477
1698136423.160434723 -0.34030 -0.00526 -0.21186 0.00405 0.10198 -0.00671 0.99476
1698136423.170434713 -0.33956 -0.00501 -0.21267 0.00402 0.10211 -0.00737 0.99474
1698136423.180434704 -0.33911 -0.00473 -0.21396 0.00396 0.10223 -0.00800 0.99472
1698136423.190434694 -0.33921 -0.00442 -0.21535 0.00387 0.10230 -0.00856 0.99471
1698136423.200434685 -0.33999 -0.00408 -0.21652 0.00374 0.10228 -0.00899 0.99471
1698136423.210434675 -0.34102 -0.00372 -0.21733 0.00364 0.10213 -0.00932 0.99472
1698136423.220434666 -0.34172 -0.00331 -0.21768 0.00361 0.10182 -0.00962 0.99475
1698136423.230434656 -0.34166 -0.00288 -0.21753 0.00372 0.10134 -0.00992 0.99480
1698136423.240434647 -0.34098 -0.00242 -0.21696 0.00392 0.10074 -0.01021 0.99485
1698136423.250434637 -0.33997 -0.00193 -0.21610 0.00419 0.10013 -0.01047 0.99491
1698136423.260434628 -0.33886 -0.00142 -0.21511 0.00449 0.09956 -0.01068 0.99496
1698136423.270434856 -0.33775 -0.00088 -0.21427 0.00481 0.09908 -0.01087 0.99501
1698136423.280434847 -0.33665 -0.00031 -0.21391 0.00517 0.09870 -0.01105 0.99504
1698136423.290434837 -0.33560 0.00022 -0.21426 0.00557 0.09844 -0.01124 0.99506
1698136423.300434828 -0.33462 0.00034 -0.21516 0.00595 0.09825 -0.01141 0.99508
1698136423.310434818 -0.33372 -0.00040 -0.21639 0.00627 0.09808 -0.01155 0.99509
1698136423.320434809 -0.33293 -0.00226 -0.21767 0.00648 0.09790 -0.01162 0.99511
1698136423.330434799 -0.33231 -0.00465 -0.21858 0.00663 0.09774 -0.01164 0.99512
1698136423.340434790 -0.33192 -0.00680 -0.21867 0.00676 0.09765 -0.01162 0.99513
1698136423.350434780 -0.33180 -0.00808 -0.21761 0.00693 0.09766 -0.01159 0.99513
1698136423.360434771 -0.33195 -0.00862 -0.21556 0.00716 0.09782 -0.01153 0.99511
1698136423.370434761 -0.33234 -0.00872 -0.21284 0.00750 0.09816 -0.01141 0.99508
1698136423.380434752 -0.33292 -0.00862 -0.20977 0.00795 0.09869 -0.01123 0.99502
1698136423.390434742 -0.33362 -0.00842 -0.20678 0.00847 0.09931 -0.01103 0.99496
1698136423.400434732 -0.33434 -0.00817 -0.20432 0.00899 0.09988 -0.01082 0.99490
1698136423.410434723 -0.33504 -0.00801 -0.20291 0.00945 0.10030 -0.01066 0.99486
1698136423.420434713 -0.33585 -0.00851 -0.20341 0.00979 0.10057 -0.01057 0.99483
1698136423.430434704 -0.33697 -0.01032 -0.20671 0.00998 0.10073 -0.01057 0.99481
1698136423.440434694 -0.33849 -0.01375 -0.21320 0.01000 0.10080 -0.01070 0.99480
1698136423.450434685 -0.34010 -0.01783 -0.22103 0.00990 0.10078 -0.01088 0.99480
1698136423.460434675 -0.34141 -0.02124 -0.22781 0.00980 0.10066 -0.01105 0.99481
1698136423.470434666 -0.34213 -0.02297 -0.23172 0.00975 0.10045 -0.01115 0.99483
1698136423.480434656 -0.34235 -0.02325 -0.23327 0.00975 0.10016 -0.01120 0.99486
1698136423.490434647 -0.34229 -0.02261 -0.23357 0.00978 0.09983 -0.01120 0.99489
1698136423.500434637 -0.34213 -0.02152 -0.23356 0.00980 0.09948 -0.01119 0.99493
1698136423.510434628 -0.34192 -0.02018 -0.23371 0.00985 0.09915 -0.01116 0.99496
1698136423.520434856 -0.34172 -0.01868 -0.23433 0.00994 0.09886 -0.01110 0.99499
1698136423.530434847 -0.34153 -0.01712 -0.23556 0.01009 0.09866 -0.01103 0.99501
1698136423.540434837 -0.34136 -0.01541 -0.23681 0.01030 0.09853 -0.01098 0.99502
1698136423.550434828 -0.34117 -0.01342 -0.23728 0.01058 0.09846 -0.01101 0.99502
1698136423.560434818 -0.34099 -0.01115 -0.23660 0.01090 0.09844 -0.01116 0.99502
1698136423.570434809 -0.34101 -0.00900 -0.23607 0.01125 0.09850 -0.01135 0.99501
1698136423.580434799 -0.34145 -0.00748 -0.23742 0.01158 0.09863 -0.01149 0.99499
1698136423.590434790 -0.34247 -0.00699 -0.24195 0.01187 0.09884 -0.01150 0.99497
1698136423.600434780 -0.34389 -0.00733 -0.24927 0.01207 0.09900 -0.01136 0.99495
1698136423.610434771 -0.34547 -0.00816 -0.25857 0.01214 0.09893 -0.01109 0.99496
1698136423.620434761 -0.34700 -0.00920 -0.26917 0.01205 0.09853 -0.01069 0.99500
1698136423.630434752 -0.34844 -0.01035 -0.28086 0.01181 0.09785 -0.01023 0.99508
1698136423.640434742 -0.34983 -0.01157 -0.29355 0.01146 0.09699 -0.00973 0.99517
1698136423.650434732 -0.35106 -0.01276 -0.30640 0.01101 0.09605 -0.00925 0.99527
1698136423.660434723 -0.35153 -0.01364 -0.31548 0.01058 0.09515 -0.00878 0.99537
1698136423.670434713 -0.35052 -0.01387 -0.31613 0.01029 0.09438 -0.00831 0.99545
1698136423.680434704 -0.34765 -0.01324 -0.30590 0.01019 0.09383 -0.00785 0.99551
1698136423.690434694 -0.34383 -0.01191 -0.29132 0.01014 0.09347 -0.00743 0.99554
1698136423.700434685 -0.34030 -0.01018 -0.28113 0.00994 0.09323 -0.00712 0.99557
1698136423.710434675 -0.33799 -0.00827 -0.28200 0.00945 0.09305 -0.00695 0.99559
1698136423.720434666 -0.33664 -0.00617 -0.29225 0.00872 0.09289 -0.00687 0.99561
1698136423.730434656 -0.33567 -0.00383 -0.30811 0.00786 0.09270 -0.00682 0.99564
1698136423.740434647 -0.33462 -0.00120 -0.32637 0.00699 0.09248 -0.00676 0.99567
1698136423.750434637 -0.33347 0.00167 -0.34612 0.00614 0.09226 -0.00671 0.99569
1698136423.760434628 -0.33229 0.00470 -0.36702 0.00533 0.09212 -0.00670 0.99571
1698136423.770434856 -0.33120 0.00779 -0.38829 0.00459 0.09214 -0.00676 0.99571
1698136423.780434847 -0.33030 0.01062 -0.40730 0.00396 0.09239 -0.00690 0.99569
1698136423.790434837 -0.32975 0.01286 -0.42101 0.00350 0.09293 -0.00710 0.99564
1698136423.800434828 -0.32958 0.01427 -0.42699 0.00321 0.09380 -0.00735 0.99556
1698136423.810434818 -0.32947 0.01511 -0.42542 0.00302 0.09478 -0.00761 0.99547
1698136423.820434809 -0.32899 0.01578 -0.41712 0.00281 0.09560 -0.00783 0.99539
1698136423.830434799 -0.32783 0.01657 -0.40292 0.00250 0.09605 -0.00798 0.99534
1698136423.840434790 -0.32611 0.01745 -0.38353 0.00205 0.09615 -0.00810 0.99533
1698136423.850434780 -0.32402 0.01829 -0.35966 0.00144 0.09596 -0.00824 0.99535
1698136423.860434771 -0.32176 0.01903 -0.33237 0.00084 0.09547 -0.00838 0.99540
1698136423.870434761 -0.31949 0.01994 -0.30401 0.00112 0.09442 -0.00825 0.99550
1698136423.880434752 -0.31735 0.02135 -0.27729 0.00331 0.09245 -0.00749 0.99568
1698136423.890434742 -0.31503 0.02317 -0.25739 0.00777 0.08955 -0.00602 0.99593
1698136423.900434732 -0.31062 0.02353 -0.25954 0.01203 0.08694 -0.00477 0.99613
1698136423.910434723 -0.30178 0.02007 -0.30147 0.01295 0.08617 -0.00493 0.99618
1698136423.920434713 -0.28769 0.01157 -0.39127 0.00846 0.08822 -0.00726 0.99604
1698136423.930434704 -0.27363 0.00135 -0.49834 0.00085 0.09181 -0.01076 0.99572
1698136423.940434694 -0.26644 -0.00616 -0.58241 -0.00647 0.09507 -0.01400 0.99535
1698136423.950434685 -0.27105 -0.00774 -0.61355 -0.01089 0.09662 -0.01587 0.99513
1698136423.960434675 -0.28483 -0.00462 -0.60282 -0.01286 0.09684 -0.01665 0.99508
1698136423.970434666 -0.30328 0.00089 -0.57150 -0.01364 0.09654 -0.01695 0.99509
1698136423.980434656 -0.32259 0.00688 -0.53733 -0.01425 0.09640 -0.01727 0.99509
1698136423.990434647 -0.34202 0.01294 -0.50391 -0.01484 0.09650 -0.01766 0.99507
1698136424.000434637 -0.36152 0.01906 -0.47127 -0.01538 0.09680 -0.01807 0.99502
1698136424.010434628 -0.38090 0.02460 -0.43932 -0.01572 0.09724 -0.01845 0.99497
1698136424.020434856 -0.39919 0.02639 -0.40752 -0.01528 0.09771 -0.01885 0.99492
1698136424.030434847 -0.41525 0.02063 -0.37520 -0.01341 0.09811 -0.01932 0.99490
1698136424.040434837 -0.42834 0.00523 -0.34191 -0.00978 0.09835 -0.01989 0.99490
1698136424.050434828 -0.43929 -0.01505 -0.30807 -0.00546 0.09851 -0.02051 0.99491
1698136424.060434818 -0.44933 -0.03374 -0.27437 -0.00185 0.09871 -0.02109 0.99489
1698136424.070434809 -0.45946 -0.04574 -0.24155 -0.00001 0.09901 -0.02155 0.99485
1698136424.080434799 -0.46968 -0.05156 -0.21054 0.00042 0.09934 -0.02188 0.99481
1698136424.090434790 -0.47975 -0.05305 -0.18231 0.00018 0.09959 -0.02208 0.99478
1698136424.100434780 -0.48949 -0.05192 -0.15754 -0.00015 0.09965 -0.02215 0.99478
1698136424.110434771 -0.49893 -0.04917 -0.13564 -0.00051 0.09949 -0.02213 0.99479
1698136424.120434761 -0.50817 -0.04560 -0.11570 -0.00095 0.09908 -0.02210 0.99483
1698136424.130434752 -0.51713 -0.04188 -0.09736 -0.00151 0.09843 -0.02208 0.99490
1698136424.140434742 -0.52502 -0.03801 -0.08237 -0.00202 0.09753 -0.02197 0.99499
1698136424.150434732 -0.53086 -0.03387 -0.07303 -0.00230 0.09642 -0.02165 0.99510
1698136424.160434723 -0.53406 -0.02957 -0.07061 -0.00220 0.09516 -0.02104 0.99524
1698136424.170434713 -0.53549 -0.02633 -0.07235 -0.00186 0.09393 -0.02027 0.99537
1698136424.180434704 -0.53639 -0.02566 -0.07449 -0.00144 0.09293 -0.01952 0.99548
1698136424.190434694 -0.53776 -0.02858 -0.07412 -0.00110 0.09232 -0.01894 0.99555
1698136424.200434685 -0.53954 -0.03418 -0.07184 -0.00079 0.09199 -0.01849 0.99559
1698136424.210434675 -0.54145 -0.04107 -0.06908 -0.00041 0.09178 -0.01809 0.99561
1698136424.220434666 -0.54327 -0.04812 -0.06705 0.00009 0.09157 -0.01769 0.99564
1698136424.230434656 -0.54501 -0.05511 -0.06592 0.00065 0.09140 -0.01728 0.99566
1698136424.240434647 -0.54676 -0.06206 -0.06563 0.00116 0.09134 -0.01691 0.99568
1698136424.250434637 -0.54839 -0.06872 -0.06612 0.00155 0.09143 -0.01659 0.99567
1698136424.260434628 -0.54883 -0.07364 -0.06750 0.00185 0.09143 -0.01624 0.99568
1698136424.270434856 -0.54680 -0.07510 -0.06987 0.00210 0.09108 -0.01579 0.99572
1698136424.280434847 -0.54147 -0.07216 -0.07335 0.00232 0.09019 -0.01518 0.99581
1698136424.290434837 -0.53384 -0.06701 -0.07801 0.00250 0.08898 -0.01451 0.99592
1698136424.300434828 -0.52539 -0.06266 -0.08388 0.00260 0.08780 -0.01388 0.99604
1698136424.310434818 -0.51728 -0.06138 -0.09100 0.00259 0.08686 -0.01340 0.99613
1698136424.320434809 -0.50953 -0.06261 -0.09930 0.00251 0.08608 -0.01303 0.99620
1698136424.330434799 -0.50184 -0.06508 -0.10873 0.00240 0.08525 -0.01271 0.99628
1698136424.340434790 -0.49399 -0.06773 -0.11920 0.00232 0.08424 -0.01239 0.99637
1698136424.350434780 -0.48600 -0.07035 -0.13064 0.00226 0.08311 -0.01208 0.99646
1698136424.360434771 -0.47798 -0.07291 -0.14299 0.00223 0.08196 -0.01179 0.99656
1698136424.370434761 -0.47001 -0.07532 -0.15595 0.00223 0.08089 -0.01152 0.99665
1698136424.380434752 -0.46220 -0.07703 -0.16833 0.00225 0.07991 -0.01134 0.99673
1698136424.390434742 -0.45464 -0.07736 -0.17874 0.00226 0.07903 -0.01128 0.99681
1698136424.400434732 -0.44741 -0.07592 -0.18633 0.00225 0.07825 -0.01137 0.99687
1698136424.410434723 -0.44052 -0.07323 -0.19260 0.00222 0.07755 -0.01156 0.99692
1698136424.420434713 -0.43395 -0.07008 -0.19961 0.00218 0.07692 -0.01177 0.99697
1698136424.430434704 -0.42769 -0.06710 -0.20897 0.00213 0.07633 -0.01194 0.99701
1698136424.440434694 -0.42174 -0.06430 -0.22039 0.00207 0.07581 -0.01207 0.99705
1698136424.450434685 -0.41611 -0.06154 -0.23313 0.00204 0.07538 -0.01216 0.99708
1698136424.460434675 -0.41077 -0.05874 -0.24659 0.00203 0.07506 -0.01223 0.99710
1698136424.470434666 -0.40561 -0.05586 -0.26077 0.00203 0.07477 -0.01230 0.99712
1698136424.480434656 -0.40051 -0.05294 -0.27581 0.00200 0.07443 -0.01241 0.99715
1698136424.490434647 -0.39525 -0.04991 -0.29180 0.00190 0.07396 -0.01261 0.99718
1698136424.500434637 -0.38932 -0.04635 -0.30852 0.00156 0.07335 -0.01294 0.99722
1698136424.510434628 -0.38214 -0.04179 -0.32571 0.00080 0.07258 -0.01346 0.99727
1698136424.520434856 -0.37346 -0.03597 -0.34293 -0.00049 0.07169 -0.01419 0.99733
1698136424.530434847 -0.36437 -0.02956 -0.35905 -0.00205 0.07080 -0.01502 0.99738
1698136424.540434837 -0.35628 -0.02346 -0.37277 -0.00357 0.07010 -0.01583 0.99741
1698136424.550434828 -0.35026 -0.01835 -0.38318 -0.00478 0.06968 -0.01651 0.99742
1698136424.560434818 -0.34598 -0.01413 -0.39093 -0.00572 0.06940 -0.01702 0.99743
1698136424.570434809 -0.34275 -0.01048 -0.39704 -0.00646 0.06904 -0.01738 0.99744
1698136424.580434799 -0.33999 -0.00712 -0.40244 -0.00710 0.06842 -0.01758 0.99748
1698136424.590434790 -0.33745 -0.00393 -0.40775 -0.00760 0.06756 -0.01763 0.99753
1698136424.600434780 -0.33500 -0.00080 -0.41349 -0.00791 0.06653 -0.01753 0.99760
1698136424.610434771 -0.33261 0.00236 -0.42052 -0.00801 0.06544 -0.01730 0.99767
1698136424.620434761 -0.33066 0.00553 -0.43103 -0.00797 0.06451 -0.01705 0.99774
1698136424.630434752 -0.32962 0.00870 -0.44754 -0.00786 0.06400 -0.01690 0.99778
1698136424.640434742 -0.32977 0.01181 -0.47094 -0.00777 0.06408 -0.01695 0.99777
1698136424.650434732 -0.33058 0.01476 -0.49560 -0.00772 0.06449 -0.01715 0.99774
1698136424.660434723 -0.33130 0.01743 -0.51425 -0.00771 0.06489 -0.01745 0.99771
1698136424.670434713 -0.33140 0.01970 -0.52137 -0.00774 0.06505 -0.01778 0.99769
1698136424.680434704 -0.33111 0.02166 -0.51854 -0.00770 0.06519 -0.01814 0.99768
1698136424.690434694 -0.33086 0.02340 -0.50908 -0.00748 0.06567 -0.01852 0.99764
1698136424.700434685 -0.33100 0.02502 -0.49599 -0.00701 0.06674 -0.01895 0.99757
1698136424.710434675 -0.33151 0.02657 -0.48091 -0.00639 0.06837 -0.01944 0.99745
1698136424.720434666 -0.33229 0.02810 -0.46515 -0.00578 0.07047 -0.02004 0.99730
1698136424.730434656 -0.33329 0.02952 -0.44987 -0.00531 0.07290 -0.02075 0.99711
1698136424.740434647 -0.33477 0.03014 -0.43566 -0.00491 0.07544 -0.02145 0.99691
1698136424.750434637 -0.33704 0.02913 -0.42294 -0.00449 0.07785 -0.02198 0.99671
1698136424.760434628 -0.34028 0.02599 -0.41186 -0.00396 0.07994 -0.02223 0.99654
1698136424.770434856 -0.34405 0.02174 -0.40134 -0.00336 0.08164 -0.02230 0.99641
1698136424.780434847 -0.34776 0.01771 -0.39000 -0.00275 0.08295 -0.02230 0.99630
1698136424.790434837 -0.35098 0.01494 -0.37684 -0.00217 0.08387 -0.02233 0.99622
1698136424.800434828 -0.35378 0.01315 -0.36247 -0.00167 0.08454 -0.02233 0.99617
1698136424.810434818 -0.35640 0.01175 -0.34786 -0.00129 0.08512 -0.02217 0.99612
1698136424.820434809 -0.35901 0.01025 -0.33386 -0.00106 0.08574 -0.02179 0.99608
1698136424.830434799 -0.36160 0.00864 -0.32070 -0.00090 0.08632 -0.02125 0.99604
1698136424.840434790 -0.36412 0.00705 -0.30851 -0.00070 0.08672 -0.02068 0.99602
1698136424.850434780 -0.36650 0.00557 -0.29720 -0.00037 0.08684 -0.02014 0.99602
1698136424.860434771 -0.36871 0.00427 -0.28593 0.00020 0.08668 -0.01966 0.99604
1698136424.870434761 -0.37067 0.00318 -0.27369 0.00110 0.08625 -0.01922 0.99609
1698136424.880434752 -0.37239 0.00226 -0.25990 0.00239 0.08555 -0.01881 0.99615
1698136424.890434742 -0.37395 0.00115 -0.24580 0.00388 0.08457 -0.01844 0.99624
1698136424.900434732 -0.37550 -0.00061 -0.23310 0.00533 0.08327 -0.01813 0.99635
1698136424.910434723 -0.37713 -0.00336 -0.22309 0.00656 0.08166 -0.01789 0.99648
1698136424.920434713 -0.37886 -0.00682 -0.21537 0.00764 0.07989 -0.01772 0.99662
1698136424.930434704 -0.38067 -0.01061 -0.20914 0.00870 0.07811 -0.01760 0.99675
1698136424.940434694 -0.38255 -0.01438 -0.20372 0.00984 0.07648 -0.01755 0.99687
1698136424.950434685 -0.38450 -0.01807 -0.19902 0.01106 0.07499 -0.01757 0.99697
1698136424.960434675 -0.38650 -0.02167 -0.19505 0.01229 0.07365 -0.01769 0.99705
1698136424.970434666 -0.38851 -0.02503 -0.19186 0.01350 0.07243 -0.01792 0.99712
1698136424.980434656 -0.39026 -0.02743 -0.18951 0.01459 0.07123 -0.01822 0.99719
1698136424.990434647 -0.39141 -0.02798 -0.18806 0.01544 0.06997 -0.01851 0.99726
1698136425.000434637 -0.39177 -0.02622 -0.18752 0.01602 0.06857 -0.01875 0.99734
1698136425.010434628 -0.39166 -0.02339 -0.18755 0.01646 0.06706 -0.01902 0.99743
1698136425.020434856 -0.39152 -0.02114 -0.18773 0.01698 0.06549 -0.01937 0.99752
1698136425.030434847 -0.39172 -0.02074 -0.18775 0.01770 0.06396 -0.01990 0.99760
1698136425.040434837 -0.39230 -0.02184 -0.18771 0.01854 0.06266 -0.02060 0.99765
1698136425.050434828 -0.39323 -0.02369 -0.18779 0.01934 0.06183 -0.02149 0.99767
1698136425.060434818 -0.39444 -0.02568 -0.18820 0.01997 0.06161 -0.02255 0.99765
1698136425.070434809 -0.39585 -0.02773 -0.18912 0.02037 0.06183 -0.02371 0.99760
1698136425.080434799 -0.39736 -0.02988 -0.19075 0.02053 0.06226 -0.02491 0.99754
1698136425.090434790 -0.39878 -0.03207 -0.19308 0.02043 0.06266 -0.02606 0.99749
1698136425.100434780 -0.39974 -0.03383 -0.19527 0.02013 0.06290 -0.02713 0.99745
1698136425.110434771 -0.39978 -0.03453 -0.19632 0.01971 0.06287 -0.02809 0.99743
1698136425.120434761 -0.39864 -0.03385 -0.19559 0.01923 0.06250 -0.02889 0.99744
1698136425.130434752 -0.39692 -0.03244 -0.19413 0.01879 0.06178 -0.02953 0.99748
1698136425.140434742 -0.39539 -0.03119 -0.19338 0.01845 0.06074 -0.02996 0.99753
1698136425.150434732 -0.39466 -0.03082 -0.19447 0.01829 0.05942 -0.03020 0.99761
1698136425.160434723 -0.39461 -0.03114 -0.19720 0.01826 0.05790 -0.03029 0.99770
1698136425.170434713 -0.39493 -0.03179 -0.20105 0.01833 0.05627 -0.03031 0.99779
1698136425.180434704 -0.39538 -0.03243 -0.20558 0.01845 0.05461 -0.03032 0.99788
1698136425.190434694 -0.39594 -0.03299 -0.21072 0.01861 0.05307 -0.03036 0.99796
1698136425.200434685 -0.39663 -0.03347 -0.21648 0.01880 0.05177 -0.03048 0.99802
1698136425.210434675 -0.39747 -0.03378 -0.22289 0.01903 0.05083 -0.03071 0.99805
1698136425.220434666 -0.39828 -0.03358 -0.23001 0.01916 0.05031 -0.03100 0.99807
1698136425.230434656 -0.39888 -0.03246 -0.23793 0.01906 0.05025 -0.03131 0.99806
1698136425.240434647 -0.39917 -0.03023 -0.24650 0.01865 0.05065 -0.03157 0.99804
1698136425.250434637 -0.39935 -0.02749 -0.25473 0.01812 0.05143 -0.03177 0.99801
1698136425.260434628 -0.39973 -0.02505 -0.26138 0.01773 0.05244 -0.03184 0.99796
1698136425.270434856 -0.40052 -0.02352 -0.26561 0.01763 0.05356 -0.03180 0.99790
1698136425.280434847 -0.40161 -0.02272 -0.26791 0.01765 0.05469 -0.03176 0.99784
1698136425.290434837 -0.40283 -0.02226 -0.26918 0.01755 0.05573 -0.03188 0.99778
1698136425.300434828 -0.40402 -0.02183 -0.27018 0.01711 0.05664 -0.03228 0.99773
1698136425.310434818 -0.40522 -0.02133 -0.27126 0.01638 0.05756 -0.03296 0.99766
1698136425.320434809 -0.40652 -0.02073 -0.27268 0.01545 0.05870 -0.03390 0.99758
1698136425.330434799 -0.40802 -0.02011 -0.27494 0.01435 0.06014 -0.03506 0.99747
1698136425.340434790 -0.40989 -0.02006 -0.27958 0.01273 0.06166 -0.03640 0.99735
1698136425.350434780 -0.41234 -0.02128 -0.28837 0.01019 0.06292 -0.03787 0.99725
1698136425.360434771 -0.41544 -0.02418 -0.30215 0.00651 0.06365 -0.03938 0.99717
1698136425.370434761 -0.41863 -0.02803 -0.31808 0.00225 0.06383 -0.04077 0.99712
1698136425.380434752 -0.42118 -0.03180 -0.33238 -0.00184 0.06352 -0.04182 0.99710
1698136425.390434742 -0.42259 -0.03467 -0.34224 -0.00516 0.06281 -0.04239 0.99711
1698136425.400434732 -0.42316 -0.03672 -0.34864 -0.00776 0.06196 -0.04262 0.99714
1698136425.410434723 -0.42341 -0.03824 -0.35354 -0.00988 0.06127 -0.04272 0.99716
1698136425.420434713 -0.42375 -0.03950 -0.35859 -0.01169 0.06095 -0.04284 0.99715
1698136425.430434704 -0.42416 -0.04056 -0.36427 -0.01321 0.06082 -0.04300 0.99713
1698136425.440434694 -0.42454 -0.04144 -0.37079 -0.01442 0.06064 -0.04315 0.99712
1698136425.450434685 -0.42476 -0.04229 -0.37832 -0.01532 0.06020 -0.04328 0.99713
1698136425.460434675 -0.42462 -0.04378 -0.38689 -0.01589 0.05961 -0.04340 0.99715
1698136425.470434666 -0.42394 -0.04669 -0.39652 -0.01613 0.05906 -0.04357 0.99717
1698136425.480434656 -0.42261 -0.05134 -0.40712 -0.01606 0.05865 -0.04379 0.99719
1698136425.490434647 -0.42091 -0.05620 -0.41814 -0.01568 0.05818 -0.04395 0.99722
1698136425.500434637 -0.41917 -0.05928 -0.42894 -0.01501 0.05734 -0.04390 0.99728
1698136425.510434628 -0.41768 -0.05913 -0.43906 -0.01411 0.05592 -0.04355 0.99739
1698136425.520434856 -0.41643 -0.05652 -0.44884 -0.01321 0.05409 -0.04302 0.99752
1698136425.530434847 -0.41530 -0.05273 -0.45884 -0.01260 0.05207 -0.04248 0.99766
1698136425.540434837 -0.41423 -0.04883 -0.46949 -0.01245 0.05008 -0.04210 0.99778
1698136425.550434828 -0.41327 -0.04493 -0.48081 -0.01264 0.04831 -0.04190 0.99787
1698136425.560434818 -0.41249 -0.04092 -0.49269 -0.01295 0.04692 -0.04192 0.99793
1698136425.570434809 -0.41203 -0.03673 -0.50566 -0.01320 0.04605 -0.04215 0.99796
1698136425.580434799 -0.41230 -0.03256 -0.52267 -0.01341 0.04576 -0.04247 0.99796
1698136425.590434790 -0.41378 -0.02869 -0.54727 -0.01365 0.04609 -0.04276 0.99793
1698136425.600434780 -0.41662 -0.02530 -0.58079 -0.01396 0.04704 -0.04290 0.99787
1698136425.610434771 -0.41967 -0.02217 -0.61559 -0.01424 0.04844 -0.04296 0.99780
1698136425.620434761 -0.42145 -0.01898 -0.64180 -0.01435 0.05009 -0.04302 0.99771
1698136425.630434752 -0.42088 -0.01549 -0.65201 -0.01421 0.05182 -0.04317 0.99762
1698136425.640434742 -0.41833 -0.01166 -0.64869 -0.01397 0.05369 -0.04346 0.99751
1698136425.650434732 -0.41455 -0.00752 -0.63677 -0.01384 0.05579 -0.04394 0.99738
1698136425.660434723 -0.41022 -0.00311 -0.62063 -0.01399 0.05820 -0.04464 0.99721
1698136425.670434713 -0.40559 0.00145 -0.60232 -0.01444 0.06084 -0.04553 0.99700
1698136425.680434704 -0.40085 0.00602 -0.58334 -0.01517 0.06361 -0.04653 0.99677
1698136425.690434694 -0.39566 0.01019 -0.56369 -0.01621 0.06625 -0.04758 0.99654
1698136425.700434685 -0.38766 0.01244 -0.53743 -0.01787 0.06788 -0.04855 0.99635
1698136425.710434675 -0.37398 0.01098 -0.49713 -0.02050 0.06747 -0.04927 0.99629
1698136425.720434666 -0.35292 0.00511 -0.44196 -0.02423 0.06444 -0.04964 0.99639
1698136425.730434656 -0.32756 -0.00140 -0.39752 -0.02832 0.06003 -0.04974 0.99655
1698136425.740434647 -0.30220 -0.00364 -0.39607 -0.03178 0.05592 -0.04971 0.99669
1698136425.750434637 -0.28020 0.00196 -0.46040 -0.03388 0.05342 -0.04965 0.99676
1698136425.760434628 -0.26106 0.01372 -0.57524 -0.03487 0.05220 -0.04958 0.99680
1698136425.770434856 -0.24332 0.02858 -0.71581 -0.03525 0.05156 -0.04946 0.99682
1698136425.780434847 -0.22577 0.04400 -0.86144 -0.03544 0.05087 -0.04928 0.99686
1698136425.790434837 -0.20813 0.05946 -1.00802 -0.03559 0.05001 -0.04910 0.99691
1698136425.800434828 -0.19041 0.07496 -1.15555 -0.03578 0.04896 -0.04895 0.99696
1698136425.810434818 -0.17271 0.08974 -1.30099 -0.03610 0.04772 -0.04884 0.99701
1698136425.820434809 -0.15560 0.10019 -1.42906 -0.03655 0.04638 -0.04856 0.99707
1698136425.830434799 -0.13978 0.10194 -1.52143 -0.03714 0.04507 -0.04787 0.99714
1698136425.840434790 -0.12547 0.09256 -1.56742 -0.03788 0.04390 -0.04663 0.99723
1698136425.850434780 -0.11098 0.07730 -1.58706 -0.03868 0.04292 -0.04520 0.99731
1698136425.860434771 -0.09418 0.06334 -1.60806 -0.03944 0.04216 -0.04404 0.99736
1698136425.870434761 -0.07351 0.05617 -1.65192 -0.04009 0.04166 -0.04352 0.99738
1698136425.880434752 -0.04987 0.05463 -1.71532 -0.04069 0.04139 -0.04351 0.99737
1698136425.890434742 -0.02474 0.05588 -1.78873 -0.04128 0.04131 -0.04377 0.99733
1698136425.900434732 0.00063 0.05755 -1.86426 -0.04194 0.04138 -0.04409 0.99729
1698136425.910434723 0.02599 0.05919 -1.94039 -0.04270 0.04157 -0.04444 0.99723
1698136425.920434713 0.05133 0.06083 -2.01724 -0.04357 0.04183 -0.04484 0.99717
1698136425.930434704 0.07605 0.06296 -2.09397 -0.04458 0.04214 -0.04534 0.99709
1698136425.940434694 0.09711 0.06790 -2.16586 -0.04584 0.04253 -0.04617 0.99697
1698136425.950434685 0.11090 0.07846 -2.22722 -0.04743 0.04308 -0.04758 0.99681
1698136425.960434675 0.11575 0.09606 -2.27437 -0.04939 0.04379 -0.04968 0.99658
1698136425.970434666 0.11779 0.11670 -2.31154 -0.05151 0.04452 -0.05203 0.99632
1698136425.980434656 0.12511 0.13501 -2.34496 -0.05351 0.04508 -0.05401 0.99609
1698136425.990434647 0.14376 0.14692 -2.37958 -0.05520 0.04532 -0.05518 0.99592
1698136426.000434637 0.17168 0.15372 -2.41533 -0.05659 0.04527 -0.05571 0.99581
1698136426.010434628 0.20479 0.15803 -2.45090 -0.05777 0.04504 -0.05592 0.99574
1698136426.020434856 0.23961 0.16199 -2.48531 -0.05883 0.04469 -0.05606 0.99569
1698136426.030434847 0.27518 0.16604 -2.51901 -0.05976 0.04426 -0.05613 0.99565
1698136426.040434837 0.31112 0.17013 -2.55280 -0.06054 0.04377 -0.05609 0.99563
1698136426.050434828 0.34692 0.17441 -2.58645 -0.06108 0.04318 -0.05587 0.99563
1698136426.060434818 0.38139 0.17976 -2.61573 -0.06094 0.04224 -0.05548 0.99570
1698136426.070434809 0.41315 0.18723 -2.63537 -0.05957 0.04066 -0.05491 0.99588
1698136426.080434799 0.44110 0.19729 -2.64188 -0.05674 0.03830 -0.05418 0.99618
1698136426.090434790 0.46514 0.20796 -2.63899 -0.05328 0.03566 -0.05341 0.99651
1698136426.100434780 0.48539 0.21663 -2.63220 -0.05032 0.03342 -0.05276 0.99678
1698136426.110434771 0.50217 0.22138 -2.62610 -0.04871 0.03206 -0.05234 0.99693
1698136426.120434761 0.51651 0.22308 -2.62137 -0.04823 0.03140 -0.05213 0.99698
1698136426.130434752 0.52962 0.22329 -2.61775 -0.04835 0.03108 -0.05210 0.99699
1698136426.140434742 0.54252 0.22333 -2.61498 -0.04866 0.03080 -0.05221 0.99697
1698136426.150434732 0.55537 0.22347 -2.61300 -0.04906 0.03057 -0.05246 0.99695
1698136426.160434723 0.56816 0.22371 -2.61176 -0.04952 0.03046 -0.05285 0.99691
1698136426.170434713 0.58050 0.22396 -2.61112 -0.05001 0.03057 -0.05337 0.99685
1698136426.180434704 0.59051 0.22359 -2.61039 -0.05038 0.03114 -0.05391 0.99679
1698136426.190434694 0.59598 0.22189 -2.60878 -0.05048 0.03247 -0.05437 0.99672
1698136426.200434685 0.59550 0.21841 -2.60564 -0.05025 0.03463 -0.05465 0.99664
1698136426.210434675 0.59100 0.21389 -2.60093 -0.05015 0.03690 -0.05483 0.99655
1698136426.220434666 0.58524 0.20937 -2.59478 -0.05071 0.03839 -0.05498 0.99646
1698136426.230434656 0.58035 0.20566 -2.58735 -0.05229 0.03841 -0.05517 0.99637
1698136426.240434647 0.57614 0.20274 -2.57900 -0.05443 0.03719 -0.05532 0.99629
1698136426.250434637 0.57180 0.20035 -2.57016 -0.05646 0.03521 -0.05533 0.99625
1698136426.260434628 0.56673 0.19830 -2.56119 -0.05786 0.03292 -0.05512 0.99626
1698136426.270434856 0.56110 0.19663 -2.55232 -0.05869 0.03080 -0.05478 0.99630
1698136426.280434847 0.55527 0.19540 -2.54376 -0.05917 0.02933 -0.05442 0.99633
1698136426.290434837 0.54921 0.19462 -2.53556 -0.05945 0.02885 -0.05416 0.99634
1698136426.300434828 0.54134 0.19399 -2.52731 -0.05946 0.02923 -0.05402 0.99634
1698136426.310434818 0.52971 0.19315 -2.51844 -0.05906 0.03021 -0.05401 0.99633
1698136426.320434809 0.51314 0.19180 -2.50860 -0.05821 0.03154 -0.05415 0.99634
1698136426.330434799 0.49348 0.19009 -2.49824 -0.05708 0.03307 -0.05439 0.99634
1698136426.340434790 0.47336 0.18822 -2.48799 -0.05592 0.03465 -0.05472 0.99633
1698136426.350434780 0.45486 0.18640 -2.47840 -0.05495 0.03615 -0.05512 0.99631
1698136426.360434771 0.43784 0.18464 -2.46964 -0.05415 0.03751 -0.05555 0.99628
1698136426.370434761 0.42164 0.18289 -2.46176 -0.05349 0.03869 -0.05600 0.99625
1698136426.380434752 0.40569 0.18115 -2.45481 -0.05291 0.03965 -0.05643 0.99621
1698136426.390434742 0.38988 0.17940 -2.44883 -0.05241 0.04037 -0.05684 0.99619
1698136426.400434732 0.37422 0.17763 -2.44383 -0.05197 0.04083 -0.05720 0.99617
1698136426.410434723 0.35876 0.17587 -2.43980 -0.05156 0.04102 -0.05750 0.99617
1698136426.420434713 0.34381 0.17418 -2.43664 -0.05117 0.04094 -0.05769 0.99618
1698136426.430434704 0.32974 0.17269 -2.43425 -0.05079 0.04059 -0.05776 0.99621
1698136426.440434694 0.31676 0.17142 -2.43244 -0.05041 0.03998 -0.05767 0.99626
1698136426.450434685 0.30441 0.17012 -2.43080 -0.05011 0.03917 -0.05752 0.99632
1698136426.460434675 0.29210 0.16844 -2.42884 -0.04997 0.03821 -0.05740 0.99637
1698136426.470434666 0.27937 0.16615 -2.42621 -0.05007 0.03716 -0.05739 0.99640
1698136426.480434656 0.26635 0.16337 -2.42311 -0.05037 0.03609 -0.05746 0.99642
1698136426.490434647 0.25331 0.16030 -2.41988 -0.05079 0.03508 -0.05758 0.99643
1698136426.500434637 0.24046 0.15712 -2.41682 -0.05127 0.03418 -0.05771 0.99643
1698136426.510434628 0.22773 0.15393 -2.41411 -0.05179 0.03348 -0.05787 0.99642
1698136426.520434856 0.21498 0.15080 -2.41187 -0.05231 0.03305 -0.05809 0.99639
1698136426.530434847 0.20227 0.14764 -2.41012 -0.05285 0.03293 -0.05837 0.99635
1698136426.540434837 0.19044 0.14372 -2.40835 -0.05353 0.03295 -0.05867 0.99630
1698136426.550434828 0.18051 0.13814 -2.40593 -0.05447 0.03289 -0.05892 0.99623
1698136426.560434818 0.17314 0.13044 -2.40235 -0.05576 0.03264 -0.05908 0.99616
1698136426.570434809 0.16733 0.12187 -2.39762 -0.05717 0.03234 -0.05918 0.99608
1698136426.580434799 0.16169 0.11414 -2.39183 -0.05839 0.03225 -0.05926 0.99601
1698136426.590434790 0.15515 0.10850 -2.38513 -0.05922 0.03253 -0.05938 0.99595
1698136426.600434780 0.14796 0.10460 -2.37764 -0.05973 0.03309 -0.05952 0.99589
1698136426.610434771 0.14068 0.10165 -2.36949 -0.06010 0.03379 -0.05969 0.99583
1698136426.620434761 0.13375 0.09900 -2.36086 -0.06047 0.03451 -0.05988 0.99577
1698136426.630434752 0.12714 0.09651 -2.35216 -0.06086 0.03521 -0.06012 0.99571
1698136426.640434742 0.12070 0.09415 -2.34382 -0.06127 0.03590 -0.06043 0.99564
1698136426.650434732 0.11441 0.09192 -2.33615 -0.06168 0.03658 -0.06083 0.99557
1698136426.660434723 0.10877 0.08977 -2.32881 -0.06202 0.03728 -0.06120 0.99550
1698136426.670434713 0.10437 0.08769 -2.32128 -0.06219 0.03802 -0.06142 0.99545
1698136426.680434704 0.10164 0.08568 -2.31318 -0.06213 0.03880 -0.06139 0.99542
1698136426.690434694 0.10018 0.08382 -2.30456 -0.06197 0.03960 -0.06119 0.99541
1698136426.700434685 0.09936 0.08223 -2.29559 -0.06187 0.04037 -0.06092 0.99540
1698136426.710434675 0.09872 0.08098 -2.28643 -0.06196 0.04110 -0.06068 0.99538
1698136426.720434666 0.09820 0.08012 -2.27721 -0.06221 0.04179 -0.06049 0.99535
1698136426.730434656 0.09789 0.07965 -2.26808 -0.06254 0.04247 -0.06037 0.99531
1698136426.740434647 0.09782 0.07956 -2.25919 -0.06292 0.04314 -0.06032 0.99526
1698136426.750434637 0.09795 0.07974 -2.25073 -0.06330 0.04380 -0.06029 0.99521
1698136426.760434628 0.09820 0.08007 -2.24292 -0.06367 0.04442 -0.06022 0.99516
1698136426.770434856 0.09857 0.08053 -2.23582 -0.06401 0.04499 -0.06007 0.99512
1698136426.780434847 0.09939 0.08153 -2.22878 -0.06423 0.04553 -0.05983 0.99510
1698136426.790434837 0.10106 0.08362 -2.22098 -0.06421 0.04609 -0.05953 0.99509
1698136426.800434828 0.10385 0.08708 -2.21189 -0.06393 0.04669 -0.05916 0.99510
1698136426.810434818 0.10741 0.09118 -2.20204 -0.06363 0.04728 -0.05878 0.99512
1698136426.820434809 0.11122 0.09493 -2.19225 -0.06361 0.04781 -0.05843 0.99511
1698136426.830434799 0.11487 0.09758 -2.18319 -0.06411 0.04824 -0.05815 0.99508
1698136426.840434790 0.11839 0.09933 -2.17496 -0.06504 0.04857 -0.05789 0.99502
1698136426.850434780 0.12185 0.10059 -2.16755 -0.06626 0.04884 -0.05759 0.99494
1698136426.860434771 0.12536 0.10174 -2.16092 -0.06761 0.04907 -0.05720 0.99486
1698136426.870434761 0.12892 0.10288 -2.15507 -0.06904 0.04928 -0.05671 0.99478
1698136426.880434752 0.13251 0.10403 -2.15002 -0.07048 0.04948 -0.05614 0.99470
1698136426.890434742 0.13606 0.10519 -2.14570 -0.07190 0.04970 -0.05550 0.99463
1698136426.900434732 0.13919 0.10624 -2.14171 -0.07329 0.04995 -0.05482 0.99455
1698136426.910434723 0.14149 0.10701 -2.13758 -0.07465 0.05031 -0.05410 0.99447
1698136426.920434713 0.14271 0.10741 -2.13300 -0.07597 0.05078 -0.05338 0.99438
1698136426.930434704 0.14348 0.10760 -2.12831 -0.07720 0.05129 -0.05265 0.99430
1698136426.940434694 0.14459 0.10784 -2.12403 -0.07831 0.05173 -0.05189 0.99423
1698136426.950434685 0.14665 0.10830 -2.12057 -0.07924 0.05205 -0.05109 0.99418
1698136426.960434675 0.14949 0.10895 -2.11792 -0.08001 0.05226 -0.05022 0.99416
1698136426.970434666 0.15273 0.10969 -2.11602 -0.08062 0.05242 -0.04927 0.99415
1698136426.980434656 0.15606 0.11046 -2.11477 -0.08110 0.05259 -0.04821 0.99415
1698136426.990434647 0.15940 0.11124 -2.11421 -0.08145 0.05280 -0.04703 0.99417
1698136427.000434637 0.16273 0.11205 -2.11435 -0.08171 0.05311 -0.04570 0.99419
1698136427.010434628 0.16597 0.11293 -2.11493 -0.08187 0.05354 -0.04423 0.99422
1698136427.020434856 0.16881 0.11403 -2.11439 -0.08190 0.05411 -0.04268 0.99426
1698136427.030434847 0.17086 0.11555 -2.11089 -0.08176 0.05484 -0.04110 0.99429
1698136427.040434837 0.17190 0.11760 -2.10335 -0.08144 0.05572 -0.03956 0.99433
1698136427.050434828 0.17235 0.11998 -2.09383 -0.08101 0.05672 -0.03807 0.99437
1698136427.060434818 0.17278 0.12244 -2.08518 -0.08058 0.05781 -0.03665 0.99440
1698136427.070434809 0.17364 0.12475 -2.07960 -0.08023 0.05893 -0.03531 0.99441
1698136427.080434799 0.17484 0.12696 -2.07671 -0.07993 0.06010 -0.03400 0.99441
1698136427.090434790 0.17620 0.12914 -2.07551 -0.07962 0.06131 -0.03269 0.99440
1698136427.100434780 0.17755 0.13139 -2.07516 -0.07928 0.06257 -0.03135 0.99439
1698136427.110434771 0.17887 0.13368 -2.07552 -0.07892 0.06387 -0.02997 0.99438
1698136427.120434761 0.18018 0.13601 -2.07663 -0.07858 0.06521 -0.02852 0.99436
1698136427.130434752 0.18156 0.13831 -2.07852 -0.07830 0.06658 -0.02701 0.99434
1698136427.140434742 0.18328 0.14040 -2.08126 -0.07822 0.06790 -0.02546 0.99430
1698136427.150434732 0.18566 0.14207 -2.08491 -0.07850 0.06906 -0.02391 0.99423
1698136427.160434723 0.18887 0.14323 -2.08935 -0.07922 0.07000 -0.02238 0.99414
1698136427.170434713 0.19250 0.14419 -2.09372 -0.08011 0.07081 -0.02084 0.99405
1698136427.180434704 0.19599 0.14541 -2.09701 -0.08084 0.07165 -0.01927 0.99396
1698136427.190434694 0.19891 0.14721 -2.09849 -0.08116 0.07260 -0.01765 0.99390
1698136427.200434685 0.20140 0.14949 -2.09867 -0.08114 0.07362 -0.01600 0.99385
1698136427.210434675 0.20374 0.15206 -2.09837 -0.08098 0.07461 -0.01436 0.99382
1698136427.220434666 0.20618 0.15475 -2.09832 -0.08079 0.07548 -0.01276 0.99379
1698136427.230434656 0.20875 0.15751 -2.09884 -0.08059 0.07616 -0.01118 0.99377
1698136427.240434647 0.21147 0.16036 -2.10018 -0.08032 0.07660 -0.00958 0.99378
1698136427.250434637 0.21420 0.16316 -2.10228 -0.07995 0.07676 -0.00795 0.99381
1698136427.260434628 0.21628 0.16530 -2.10394 -0.07954 0.07678 -0.00623 0.99385
1698136427.270434856 0.21689 0.16606 -2.10364 -0.07912 0.07681 -0.00440 0.99389
1698136427.280434847 0.21562 0.16505 -2.10052 -0.07875 0.07696 -0.00244 0.99392
1698136427.290434837 0.21358 0.16328 -2.09626 -0.07841 0.07702 -0.00046 0.99394
1698136427.300434828 0.21225 0.16210 -2.09314 -0.07809 0.07672 0.00139 0.99399
1698136427.310434818 0.21278 0.16256 -2.09294 -0.07778 0.07584 0.00300 0.99408
1698136427.320434809 0.21482 0.16439 -2.09532 -0.07744 0.07451 0.00439 0.99420
1698136427.330434799 0.21765 0.16702 -2.09940 -0.07706 0.07288 0.00558 0.99434
1698136427.340434790 0.22067 0.16994 -2.10446 -0.07661 0.07112 0.00661 0.99450
1698136427.350434780 0.22373 0.17309 -2.11033 -0.07606 0.06931 0.00748 0.99466
1698136427.360434771 0.22681 0.17646 -2.11699 -0.07539 0.06751 0.00820 0.99483
1698136427.370434761 0.22986 0.17988 -2.12430 -0.07460 0.06579 0.00878 0.99500
1698136427.380434752 0.23288 0.18232 -2.13155 -0.07375 0.06409 0.00933 0.99517
1698136427.390434742 0.23584 0.18258 -2.13793 -0.07297 0.06236 0.00995 0.99533
1698136427.400434732 0.23871 0.17997 -2.14285 -0.07232 0.06058 0.01070 0.99548
1698136427.410434723 0.24138 0.17597 -2.14675 -0.07168 0.05885 0.01148 0.99562
1698136427.420434713 0.24369 0.17257 -2.15029 -0.07090 0.05731 0.01213 0.99576
1698136427.430434704 0.24556 0.17129 -2.15407 -0.06990 0.05604 0.01254 0.99590
1698136427.440434694 0.24711 0.17176 -2.15830 -0.06875 0.05498 0.01276 0.99604
1698136427.450434685 0.24851 0.17310 -2.16307 -0.06761 0.05403 0.01288 0.99616
1698136427.460434675 0.24990 0.17460 -2.16848 -0.06659 0.05310 0.01295 0.99628
1698136427.470434666 0.25132 0.17610 -2.17458 -0.06570 0.05219 0.01302 0.99639
1698136427.480434656 0.25277 0.17762 -2.18140 -0.06495 0.05130 0.01308 0.99648
1698136427.490434647 0.25416 0.17921 -2.18882 -0.06431 0.05048 0.01313 0.99657
1698136427.500434637 0.25512 0.18119 -2.19609 -0.06370 0.04986 0.01316 0.99664
1698136427.510434628 0.25517 0.18393 -2.20233 -0.06304 0.04962 0.01314 0.99669
1698136427.520434856 0.25406 0.18758 -2.20694 -0.06229 0.04984 0.01306 0.99673
1698136427.530434847 0.25231 0.19139 -2.21049 -0.06160 0.05035 0.01301 0.99675
1698136427.540434837 0.25061 0.19440 -2.21382 -0.06116 0.05089 0.01310 0.99674
1698136427.550434828 0.24953 0.19590 -2.21762 -0.06110 0.05127 0.01341 0.99672
1698136427.560434818 0.24895 0.19621 -2.22192 -0.06138 0.05154 0.01392 0.99669
1698136427.570434809 0.24857 0.19587 -2.22656 -0.06187 0.05180 0.01454 0.99663
1698136427.580434799 0.24816 0.19536 -2.23147 -0.06250 0.05215 0.01525 0.99657
1698136427.590434790 0.24772 0.19474 -2.23678 -0.06329 0.05256 0.01604 0.99648
1698136427.600434780 0.24731 0.19400 -2.24267 -0.06433 0.05297 0.01696 0.99638
1698136427.610434771 0.24695 0.19325 -2.24912 -0.06562 0.05336 0.01801 0.99625
1698136427.620434761 0.24663 0.19330 -2.25523 -0.06691 0.05372 0.01916 0.99613
1698136427.630434752 0.24632 0.19508 -2.25991 -0.06788 0.05406 0.02037 0.99602
1698136427.640434742 0.24601 0.19909 -2.26246 -0.06837 0.05438 0.02159 0.99594
1698136427.650434732 0.24575 0.20390 -2.26390 -0.06883 0.05458 0.02283 0.99587
1698136427.660434723 0.24561 0.20763 -2.26563 -0.06984 0.05456 0.02411 0.99577
1698136427.670434713 0.24566 0.20886 -2.26876 -0.07185 0.05427 0.02543 0.99561
1698136427.680434704 0.24586 0.20808 -2.27315 -0.07469 0.05375 0.02678 0.99540
1698136427.690434694 0.24618 0.20624 -2.27836 -0.07802 0.05311 0.02815 0.99514
1698136427.700434685 0.24657 0.20416 -2.28402 -0.08157 0.05247 0.02950 0.99485
1698136427.710434675 0.24693 0.20211 -2.29011 -0.08518 0.05194 0.03078 0.99453
1698136427.720434666 0.24719 0.20021 -2.29669 -0.08876 0.05168 0.03195 0.99420
1698136427.730434656 0.24737 0.19855 -2.30339 -0.09221 0.05182 0.03296 0.99384
1698136427.740434647 0.24795 0.19699 -2.30811 -0.09543 0.05243 0.03390 0.99348
1698136427.750434637 0.24954 0.19535 -2.30835 -0.09829 0.05358 0.03491 0.99310
1698136427.760434628 0.25252 0.19352 -2.30267 -0.10071 0.05528 0.03605 0.99272
1698136427.770434856 0.25632 0.19182 -2.29401 -0.10264 0.05725 0.03736 0.99237
1698136427.780434847 0.26012 0.19064 -2.28643 -0.10406 0.05917 0.03882 0.99205
1698136427.790434837 0.26328 0.19026 -2.28306 -0.10498 0.06077 0.04042 0.99179
1698136427.800434828 0.26595 0.19054 -2.28339 -0.10545 0.06205 0.04211 0.99159
1698136427.810434818 0.26844 0.19125 -2.28603 -0.10556 0.06307 0.04387 0.99144
1698136427.820434809 0.27101 0.19218 -2.28978 -0.10536 0.06390 0.04565 0.99133
1698136427.830434799 0.27367 0.19331 -2.29441 -0.10488 0.06460 0.04743 0.99125
1698136427.840434790 0.27638 0.19469 -2.29989 -0.10408 0.06525 0.04919 0.99121
1698136427.850434780 0.27912 0.19624 -2.30612 -0.10299 0.06588 0.05093 0.99119
1698136427.860434771 0.28205 0.19758 -2.31269 -0.10167 0.06650 0.05268 0.99119
1698136427.870434761 0.28533 0.19823 -2.31913 -0.10020 0.06707 0.05452 0.99121
1698136427.880434752 0.28908 0.19794 -2.32490 -0.09865 0.06760 0.05646 0.99122
1698136427.890434742 0.29318 0.19728 -2.32932 -0.09695 0.06818 0.05844 0.99123
1698136427.900434732 0.29743 0.19705 -2.33167 -0.09504 0.06893 0.06036 0.99125
1698136427.910434723 0.30167 0.19785 -2.33148 -0.09284 0.06993 0.06215 0.99128
1698136427.920434713 0.30592 0.19951 -2.32929 -0.09042 0.07111 0.06380 0.99131
1698136427.930434704 0.31021 0.20164 -2.32592 -0.08785 0.07240 0.06534 0.99135
1698136427.940434694 0.31459 0.20393 -2.32209 -0.08522 0.07371 0.06677 0.99139
1698136427.950434685 0.31905 0.20632 -2.31826 -0.08257 0.07501 0.06815 0.99142
1698136427.960434675 0.32355 0.20879 -2.31482 -0.07991 0.07632 0.06949 0.99144
1698136427.970434666 0.32807 0.21124 -2.31213 -0.07729 0.07762 0.07082 0.99146
1698136427.980434656 0.33245 0.21330 -2.31058 -0.07480 0.07889 0.07215 0.99145
1698136427.990434647 0.33652 0.21453 -2.31056 -0.07251 0.08010 0.07345 0.99143
1698136428.000434637 0.34018 0.21464 -2.31214 -0.07050 0.08125 0.07471 0.99139
1698136428.010434628 0.34353 0.21406 -2.31421 -0.06880 0.08230 0.07594 0.99133
1698136428.020434856 0.34673 0.21336 -2.31537 -0.06741 0.08325 0.07712 0.99125
1698136428.030434847 0.34993 0.21300 -2.31454 -0.06634 0.08408 0.07824 0.99116
1698136428.040434837 0.35310 0.21291 -2.31211 -0.06556 0.08480 0.07929 0.99107
1698136428.050434828 0.35616 0.21290 -2.30881 -0.06504 0.08540 0.08026 0.99098
1698136428.060434818 0.35909 0.21280 -2.30528 -0.06476 0.08588 0.08113 0.99088
1698136428.070434809 0.36192 0.21265 -2.30193 -0.06470 0.08625 0.08187 0.99079
1698136428.080434799 0.36475 0.21249 -2.29905 -0.06488 0.08651 0.08245 0.99071
1698136428.090434790 0.36763 0.21236 -2.29687 -0.06529 0.08666 0.08286 0.99064
1698136428.100434780 0.37058 0.21213 -2.29518 -0.06594 0.08671 0.08308 0.99057
1698136428.110434771 0.37364 0.21160 -2.29368 -0.06680 0.08663 0.08310 0.99052
1698136428.120434761 0.37682 0.21069 -2.29213 -0.06785 0.08643 0.08290 0.99048
1698136428.130434752 0.38007 0.20961 -2.29063 -0.06906 0.08618 0.08253 0.99045
1698136428.140434742 0.38337 0.20863 -2.28934 -0.07039 0.08598 0.08206 0.99041
1698136428.150434732 0.38670 0.20797 -2.28843 -0.07178 0.08587 0.08153 0.99037
1698136428.160434723 0.39006 0.20760 -2.28801 -0.07319 0.08581 0.08100 0.99031
1698136428.170434713 0.39350 0.20737 -2.28822 -0.07459 0.08573 0.08052 0.99025
1698136428.180434704 0.39704 0.20720 -2.28917 -0.07594 0.08555 0.08015 0.99020
1698136428.190434694 0.40072 0.20705 -2.29094 -0.07726 0.08519 0.07989 0.99015
1698136428.200434685 0.40457 0.20690 -2.29361 -0.07859 0.08456 0.07975 0.99011
1698136428.210434675 0.40859 0.20671 -2.29717 -0.07995 0.08361 0.07973 0.99008
1698136428.220434666 0.41260 0.20641 -2.30127 -0.08126 0.08239 0.07984 0.99007
1698136428.230434656 0.41638 0.20592 -2.30548 -0.08241 0.08097 0.08009 0.99007
1698136428.240434647 0.41981 0.20517 -2.30944 -0.08333 0.07945 0.08048 0.99008
1698136428.250434637 0.42312 0.20425 -2.31299 -0.08404 0.07793 0.08101 0.99010
1698136428.260434628 0.42665 0.20327 -2.31606 -0.08460 0.07652 0.08164 0.99011
1698136428.270434856 0.43063 0.20232 -2.31862 -0.08506 0.07530 0.08235 0.99011
1698136428.280434847 0.43497 0.20146 -2.32085 -0.08542 0.07427 0.08305 0.99010
1698136428.290434837 0.43946 0.20071 -2.32298 -0.08572 0.07340 0.08366 0.99008
1698136428.300434828 0.44395 0.20010 -2.32523 -0.08594 0.07266 0.08411 0.99008
1698136428.310434818 0.44840 0.19965 -2.32782 -0.08612 0.07202 0.08439 0.99009
1698136428.320434809 0.45283 0.19934 -2.33095 -0.08628 0.07145 0.08452 0.99010
1698136428.330434799 0.45723 0.19917 -2.33455 -0.08646 0.07091 0.08452 0.99013
1698136428.340434790 0.46154 0.19900 -2.33757 -0.08670 0.07044 0.08437 0.99015
1698136428.350434780 0.46570 0.19867 -2.33866 -0.08705 0.07004 0.08406 0.99018
1698136428.360434771 0.46966 0.19808 -2.33707 -0.08751 0.06975 0.08359 0.99020
1698136428.370434761 0.47352 0.19736 -2.33434 -0.08796 0.06951 0.08299 0.99023
1698136428.380434752 0.47736 0.19671 -2.33260 -0.08821 0.06926 0.08228 0.99028
1698136428.390434742 0.48129 0.19628 -2.33348 -0.08813 0.06894 0.08151 0.99037
1698136428.400434732 0.48531 0.19608 -2.33671 -0.08777 0.06851 0.08066 0.99050
1698136428.410434723 0.48941 0.19606 -2.34155 -0.08725 0.06790 0.07973 0.99067
1698136428.420434713 0.49361 0.19618 -2.34739 -0.08664 0.06709 0.07869 0.99086
1698136428.430434704 0.49790 0.19644 -2.35411 -0.08595 0.06604 0.07754 0.99108
1698136428.440434694 0.50229 0.19686 -2.36173 -0.08521 0.06476 0.07627 0.99133
1698136428.450434685 0.50677 0.19742 -2.37012 -0.08442 0.06326 0.07486 0.99160
1698136428.460434675 0.51128 0.19802 -2.37856 -0.08372 0.06157 0.07327 0.99188
1698136428.470434666 0.51574 0.19848 -2.38620 -0.08323 0.05975 0.07147 0.99217
1698136428.480434656 0.52011 0.19873 -2.39234 -0.08303 0.05788 0.06944 0.99244
1698136428.490434647 0.52434 0.19892 -2.39701 -0.08295 0.05607 0.06724 0.99270
1698136428.500434637 0.52842 0.19927 -2.40041 -0.08274 0.05446 0.06495 0.99296
1698136428.510434628 0.53234 0.19993 -2.40274 -0.08224 0.05319 0.06265 0.99322
1698136428.520434856 0.53611 0.20077 -2.40420 -0.08150 0.05226 0.06047 0.99346
1698136428.530434847 0.53972 0.20161 -2.40502 -0.08063 0.05169 0.05851 0.99368
1698136428.540434837 0.54319 0.20228 -2.40543 -0.07972 0.05147 0.05688 0.99386
1698136428.550434828 0.54655 0.20277 -2.40576 -0.07883 0.05155 0.05558 0.99400
1698136428.560434818 0.54985 0.20309 -2.40636 -0.07800 0.05186 0.05459 0.99411
1698136428.570434809 0.55313 0.20322 -2.40760 -0.07726 0.05233 0.05389 0.99418
1698136428.580434799 0.55641 0.20305 -2.41009 -0.07664 0.05292 0.05342 0.99422
1698136428.590434790 0.55971 0.20240 -2.41446 -0.07616 0.05355 0.05316 0.99424
1698136428.600434780 0.56304 0.20118 -2.42086 -0.07586 0.05417 0.05306 0.99423
1698136428.610434771 0.56635 0.19953 -2.42748 -0.07581 0.05477 0.05307 0.99420
1698136428.620434761 0.56960 0.19766 -2.43202 -0.07607 0.05531 0.05312 0.99415
1698136428.630434752 0.57275 0.19575 -2.43277 -0.07669 0.05578 0.05315 0.99407
1698136428.640434742 0.57579 0.19384 -2.43036 -0.07755 0.05620 0.05315 0.99398
1698136428.650434732 0.57876 0.19196 -2.42602 -0.07852 0.05656 0.05306 0.99389
1698136428.660434723 0.58169 0.19011 -2.42084 -0.07950 0.05688 0.05288 0.99380
1698136428.670434713 0.58461 0.18831 -2.41544 -0.08042 0.05717 0.05266 0.99373
1698136428.680434704 0.58754 0.18658 -2.41032 -0.08127 0.05743 0.05244 0.99365
1698136428.690434694 0.59050 0.18483 -2.40572 -0.08202 0.05766 0.05229 0.99359
1698136428.700434685 0.59347 0.18260 -2.40091 -0.08269 0.05787 0.05222 0.99352
1698136428.710434675 0.59642 0.17936 -2.39493 -0.08333 0.05810 0.05224 0.99345
1698136428.720434666 0.59932 0.17478 -2.38720 -0.08394 0.05834 0.05235 0.99338
1698136428.730434656 0.60225 0.16946 -2.37881 -0.08443 0.05859 0.05257 0.99332
1698136428.740434647 0.60526 0.16421 -2.37126 -0.08472 0.05882 0.05289 0.99326
1698136428.750434637 0.60843 0.15968 -2.36568 -0.08472 0.05902 0.05331 0.99323
1698136428.760434628 0.61170 0.15575 -2.36186 -0.08451 0.05923 0.05381 0.99320
1698136428.770434856 0.61501 0.15215 -2.35922 -0.08417 0.05949 0.05435 0.99319
1698136428.780434847 0.61831 0.14863 -2.35727 -0.08381 0.05983 0.05488 0.99317
1698136428.790434837 0.62157 0.14514 -2.35592 -0.08344 0.06030 0.05544 0.99314
1698136428.800434828 0.62480 0.14169 -2.35517 -0.08307 0.06092 0.05602 0.99310
1698136428.810434818 0.62790 0.13828 -2.35490 -0.08271 0.06174 0.05665 0.99304
1698136428.820434809 0.63054 0.13487 -2.35446 -0.08242 0.06278 0.05733 0.99296
1698136428.830434799 0.63232 0.13143 -2.35308 -0.08222 0.06411 0.05807 0.99285
1698136428.840434790 0.63303 0.12790 -2.35024 -0.08215 0.06573 0.05886 0.99271
1698136428.850434780 0.63328 0.12414 -2.34652 -0.08221 0.06744 0.05971 0.99254
1698136428.860434771 0.63388 0.11998 -2.34276 -0.08237 0.06903 0.06062 0.99236
1698136428.870434761 0.63546 0.11530 -2.33964 -0.08261 0.07033 0.06158 0.99219
1698136428.880434752 0.63784 0.11019 -2.33718 -0.08289 0.07135 0.06265 0.99202
1698136428.890434742 0.64067 0.10478 -2.33525 -0.08318 0.07219 0.06388 0.99186
1698136428.900434732 0.64368 0.09918 -2.33378 -0.08343 0.07289 0.06533 0.99169
1698136428.910434723 0.64682 0.09343 -2.33286 -0.08367 0.07346 0.06702 0.99152
1698136428.920434713 0.65011 0.08752 -2.33265 -0.08393 0.07385 0.06898 0.99133
1698136428.930434704 0.65361 0.08154 -2.33297 -0.08423 0.07406 0.07123 0.99113
1698136428.940434694 0.65747 0.07580 -2.33235 -0.08452 0.07410 0.07373 0.99092
1698136428.950434685 0.66186 0.07072 -2.32902 -0.08477 0.07400 0.07644 0.99070
1698136428.960434675 0.66687 0.06648 -2.32193 -0.08495 0.07379 0.07934 0.99048
1698136428.970434666 0.67230 0.06250 -2.31306 -0.08514 0.07345 0.08246 0.99023
1698136428.980434656 0.67786 0.05800 -2.30509 -0.08545 0.07296 0.08588 0.98995
1698136428.990434647 0.68334 0.05237 -2.30013 -0.08597 0.07232 0.08963 0.98962
1698136429.000434637 0.68874 0.04579 -2.29771 -0.08681 0.07159 0.09369 0.98922
1698136429.010434628 0.69415 0.03859 -2.29679 -0.08803 0.07089 0.09797 0.98875
1698136429.020434856 0.69962 0.03110 -2.29648 -0.08970 0.07031 0.10240 0.98819
1698136429.030434847 0.70510 0.02348 -2.29662 -0.09177 0.06989 0.10685 0.98756
1698136429.040434837 0.71055 0.01589 -2.29723 -0.09414 0.06969 0.11115 0.98688
1698136429.050434828 0.71590 0.00845 -2.29825 -0.09671 0.06974 0.11517 0.98616
1698136429.060434818 0.72119 0.00123 -2.29914 -0.09936 0.07003 0.11887 0.98544
1698136429.070434809 0.72651 -0.00572 -2.29927 -0.10197 0.07056 0.12220 0.98473
1698136429.080434799 0.73187 -0.01236 -2.29818 -0.10441 0.07129 0.12516 0.98405
1698136429.090434790 0.73723 -0.01879 -2.29610 -0.10666 0.07222 0.12779 0.98340
1698136429.100434780 0.74247 -0.02511 -2.29343 -0.10874 0.07333 0.13016 0.98278
1698136429.110434771 0.74755 -0.03140 -2.29053 -0.11063 0.07459 0.13234 0.98218
1698136429.120434761 0.75251 -0.03763 -2.28767 -0.11226 0.07593 0.13435 0.98162
1698136429.130434752 0.75741 -0.04374 -2.28507 -0.11354 0.07724 0.13625 0.98111
1698136429.140434742 0.76232 -0.04969 -2.28296 -0.11444 0.07845 0.13807 0.98066
1698136429.150434732 0.76728 -0.05549 -2.28146 -0.11498 0.07954 0.13988 0.98025
1698136429.160434723 0.77230 -0.06117 -2.28070 -0.11527 0.08050 0.14175 0.97987
1698136429.170434713 0.77738 -0.06678 -2.28071 -0.11537 0.08135 0.14376 0.97949
1698136429.180434704 0.78235 -0.07231 -2.28120 -0.11533 0.08209 0.14591 0.97912
1698136429.190434694 0.78700 -0.07778 -2.28180 -0.11521 0.08272 0.14820 0.97873
1698136429.200434685 0.79123 -0.08317 -2.28212 -0.11505 0.08324 0.15062 0.97834
1698136429.210434675 0.79532 -0.08851 -2.28172 -0.11493 0.08362 0.15306 0.97794
1698136429.220434666 0.79969 -0.09379 -2.28011 -0.11493 0.08381 0.15539 0.97756
1698136429.230434656 0.80462 -0.09902 -2.27698 -0.11510 0.08380 0.15750 0.97720
1698136429.240434647 0.81000 -0.10420 -2.27259 -0.11542 0.08366 0.15943 0.97686
1698136429.250434637 0.81560 -0.10934 -2.26738 -0.11587 0.08348 0.16121 0.97653
1698136429.260434628 0.82124 -0.11444 -2.26177 -0.11640 0.08332 0.16286 0.97621
1698136429.270434856 0.82686 -0.11945 -2.25614 -0.11706 0.08319 0.16434 0.97589
1698136429.280434847 0.83244 -0.12433 -2.25084 -0.11786 0.08305 0.16558 0.97560
1698136429.290434837 0.83790 -0.12914 -2.24630 -0.11888 0.08289 0.16653 0.97533
1698136429.300434828 0.84278 -0.13429 -2.24307 -0.12022 0.08274 0.16719 0.97506
1698136429.310434818 0.84653 -0.14033 -2.24178 -0.12203 0.08264 0.16760 0.97478
1698136429.320434809 0.84886 -0.14752 -2.24273 -0.12435 0.08263 0.16781 0.97445
1698136429.330434799 0.85033 -0.15513 -2.24496 -0.12679 0.08274 0.16788 0.97411
1698136429.340434790 0.85176 -0.16215 -2.24722 -0.12890 0.08300 0.16790 0.97381
1698136429.350434780 0.85375 -0.16783 -2.24855 -0.13029 0.08344 0.16793 0.97358
1698136429.360434771 0.85620 -0.17239 -2.24929 -0.13103 0.08404 0.16797 0.97342
1698136429.370434761 0.85884 -0.17626 -2.25009 -0.13128 0.08478 0.16803 0.97332
1698136429.380434752 0.86144 -0.17983 -2.25149 -0.13119 0.08561 0.16807 0.97325
1698136429.390434742 0.86399 -0.18318 -2.25363 -0.13084 0.08646 0.16810 0.97322
1698136429.400434732 0.86654 -0.18634 -2.25656 -0.13031 0.08726 0.16808 0.97322
1698136429.410434723 0.86912 -0.18941 -2.26010 -0.12969 0.08795 0.16801 0.97325
1698136429.420434713 0.87164 -0.19278 -2.26310 -0.12910 0.08867 0.16787 0.97329
1698136429.430434704 0.87397 -0.19692 -2.26420 -0.12869 0.08955 0.16763 0.97330
1698136429.440434694 0.87605 -0.20209 -2.26256 -0.12853 0.09072 0.16727 0.97328
1698136429.450434685 0.87800 -0.20767 -2.25953 -0.12845 0.09202 0.16682 0.97324
1698136429.460434675 0.87996 -0.21282 -2.25699 -0.12820 0.09327 0.16628 0.97325
1698136429.470434666 0.88205 -0.21690 -2.25640 -0.12759 0.09433 0.16567 0.97333
1698136429.480434656 0.88426 -0.22011 -2.25753 -0.12672 0.09522 0.16499 0.97347
1698136429.490434647 0.88651 -0.22283 -2.25973 -0.12574 0.09605 0.16423 0.97365
1698136429.500434637 0.88877 -0.22537 -2.26246 -0.12478 0.09687 0.16339 0.97383
1698136429.510434628 0.89103 -0.22781 -2.26570 -0.12385 0.09767 0.16249 0.97402
1698136429.520434856 0.89332 -0.23015 -2.26958 -0.12297 0.09844 0.16154 0.97421
1698136429.530434847 0.89569 -0.23237 -2.27421 -0.12212 0.09915 0.16055 0.97441
1698136429.540434837 0.89831 -0.23426 -2.27974 -0.12124 0.09972 0.15952 0.97463
1698136429.550434828 0.90139 -0.23558 -2.28633 -0.12024 0.10008 0.15844 0.97490
1698136429.560434818 0.90504 -0.23622 -2.29392 -0.11911 0.10020 0.15732 0.97520
1698136429.570434809 0.90896 -0.23655 -2.30156 -0.11793 0.10024 0.15616 0.97553
1698136429.580434799 0.91276 -0.23704 -2.30808 -0.11685 0.10042 0.15499 0.97583
1698136429.590434790 0.91614 -0.23807 -2.31264 -0.11599 0.10089 0.15382 0.97607
1698136429.600434780 0.91923 -0.23955 -2.31570 -0.11533 0.10152 0.15268 0.97626
1698136429.610434771 0.92227 -0.24125 -2.31807 -0.11483 0.10213 0.15159 0.97642
1698136429.620434761 0.92544 -0.24301 -2.32045 -0.11445 0.10259 0.15057 0.97658
1698136429.630434752 0.92878 -0.24476 -2.32318 -0.11416 0.10284 0.14960 0.97674
1698136429.640434742 0.93226 -0.24646 -2.32651 -0.11390 0.10289 0.14866 0.97690
1698136429.650434732 0.93589 -0.24810 -2.33039 -0.11367 0.10275 0.14773 0.97709
1698136429.660434723 0.93979 -0.24972 -2.33365 -0.11357 0.10247 0.14676 0.97727
1698136429.670434713 0.94411 -0.25140 -2.33483 -0.11371 0.10210 0.14569 0.97746
1698136429.680434704 0.94891 -0.25319 -2.33305 -0.11415 0.10171 0.14450 0.97762
1698136429.690434694 0.95401 -0.25500 -2.32982 -0.11474 0.10131 0.14325 0.97778
1698136429.700434685 0.95912 -0.25671 -2.32722 -0.11528 0.10092 0.14203 0.97793
1698136429.710434675 0.96405 -0.25826 -2.32688 -0.11561 0.10056 0.14091 0.97809
1698136429.720434666 0.96884 -0.25965 -2.32857 -0.11572 0.10025 0.13992 0.97825
1698136429.730434656 0.97357 -0.26095 -2.33155 -0.11568 0.10001 0.13905 0.97841
1698136429.740434647 0.97833 -0.26220 -2.33526 -0.11555 0.09985 0.13832 0.97854
1698136429.750434637 0.98315 -0.26339 -2.33963 -0.11535 0.09971 0.13767 0.97867
1698136429.760434628 0.98804 -0.26452 -2.34470 -0.11515 0.09952 0.13706 0.97880
1698136429.770434856 0.99307 -0.26553 -2.35044 -0.11495 0.09924 0.13646 0.97894
1698136429.780434847 0.99845 -0.26620 -2.35643 -0.11470 0.09884 0.13589 0.97909
1698136429.790434837 1.00445 -0.26628 -2.36215 -0.11428 0.09833 0.13536 0.97926
1698136429.800434828 1.01122 -0.26562 -2.36714 -0.11366 0.09772 0.13491 0.97945
1698136429.810434818 1.01853 -0.26458 -2.37124 -0.11295 0.09710 0.13456 0.97965
1698136429.820434809 1.02602 -0.26362 -2.37436 -0.11228 0.09658 0.13433 0.97981
1698136429.830434799 1.03342 -0.26311 -2.37651 -0.11179 0.09622 0.13424 0.97991
1698136429.840434790 1.04081 -0.26296 -2.37800 -0.11146 0.09591 0.13429 0.97997
1698136429.850434780 1.04835 -0.26299 -2.37926 -0.11125 0.09550 0.13446 0.98001
1698136429.860434771 1.05616 -0.26305 -2.38067 -0.11111 0.09491 0.13475 0.98005
1698136429.870434761 1.06417 -0.26309 -2.38239 -0.11100 0.09421 0.13515 0.98007
1698136429.880434752 1.07229 -0.26312 -2.38457 -0.11090 0.09355 0.13568 0.98007
1698136429.890434742 1.08043 -0.26309 -2.38724 -0.11077 0.09305 0.13632 0.98005
1698136429.900434732 1.08863 -0.26285 -2.39001 -0.11059 0.09276 0.13697 0.98000
1698136429.910434723 1.09694 -0.26222 -2.39239 -0.11036 0.09271 0.13755 0.97995
1698136429.920434713 1.10541 -0.26109 -2.39408 -0.11006 0.09290 0.13797 0.97991
1698136429.930434704 1.11405 -0.25955 -2.39560 -0.10968 0.09316 0.13824 0.97989
1698136429.940434694 1.12285 -0.25778 -2.39765 -0.10920 0.09332 0.13838 0.97991
1698136429.950434685 1.13182 -0.25590 -2.40082 -0.10859 0.09320 0.13840 0.97998
1698136429.960434675 1.14094 -0.25388 -2.40506 -0.10784 0.09283 0.13832 0.98011
1698136429.970434666 1.15021 -0.25169 -2.41018 -0.10690 0.09227 0.13816 0.98029
1698136429.980434656 1.15961 -0.24927 -2.41606 -0.10578 0.09154 0.13791 0.98052
1698136429.990434647 1.16914 -0.24664 -2.42269 -0.10448 0.09066 0.13760 0.98078
1698136430.000434637 1.17878 -0.24382 -2.43012 -0.10301 0.08962 0.13724 0.98108
1698136430.010434628 1.18851 -0.24088 -2.43833 -0.10141 0.08840 0.13684 0.98142
1698136430.020434856 1.19824 -0.23804 -2.44698 -0.09979 0.08708 0.13637 0.98176
1698136430.030434847 1.20786 -0.23557 -2.45568 -0.09830 0.08572 0.13580 0.98211
1698136430.040434837 1.21734 -0.23364 -2.46408 -0.09703 0.08437 0.13510 0.98245
1698136430.050434828 1.22690 -0.23190 -2.47218 -0.09598 0.08293 0.13429 0.98279
1698136430.060434818 1.23684 -0.22991 -2.48001 -0.09508 0.08126 0.13338 0.98314
1698136430.070434809 1.24738 -0.22734 -2.48766 -0.09431 0.07930 0.13236 0.98351
1698136430.080434799 1.25838 -0.22423 -2.49522 -0.09374 0.07713 0.13112 0.98391
1698136430.090434790 1.26963 -0.22075 -2.50282 -0.09344 0.07486 0.12950 0.98432
1698136430.100434780 1.28091 -0.21705 -2.51054 -0.09344 0.07268 0.12742 0.98476
1698136430.110434771 1.29206 -0.21320 -2.51837 -0.09353 0.07093 0.12513 0.98517
1698136430.120434761 1.30291 -0.20926 -2.52628 -0.09345 0.07000 0.12294 0.98552
1698136430.130434752 1.31338 -0.20535 -2.53418 -0.09300 0.07013 0.12114 0.98578
1698136430.140434742 1.32373 -0.20174 -2.54183 -0.09218 0.07101 0.12000 0.98593
1698136430.150434732 1.33433 -0.19877 -2.54892 -0.09109 0.07218 0.11974 0.98598
1698136430.160434723 1.34539 -0.19664 -2.55524 -0.08981 0.07323 0.12047 0.98593
1698136430.170434713 1.35663 -0.19501 -2.56085 -0.08857 0.07400 0.12174 0.98583
1698136430.180434704 1.36765 -0.19345 -2.56588 -0.08762 0.07439 0.12301 0.98573
1698136430.190434694 1.37815 -0.19157 -2.57052 -0.08715 0.07429 0.12379 0.98568
1698136430.200434685 1.38826 -0.18936 -2.57513 -0.08707 0.07370 0.12406 0.98570
1698136430.210434675 1.39823 -0.18688 -2.58017 -0.08726 0.07263 0.12389 0.98578
1698136430.220434666 1.40825 -0.18418 -2.58594 -0.08757 0.07115 0.12341 0.98592
1698136430.230434656 1.41830 -0.18142 -2.59234 -0.08777 0.06961 0.12298 0.98607
1698136430.240434647 1.42826 -0.17872 -2.59915 -0.08765 0.06844 0.12303 0.98615
1698136430.250434637 1.43810 -0.17622 -2.60599 -0.08703 0.06796 0.12390 0.98613
1698136430.260434628 1.44791 -0.17398 -2.61185 -0.08602 0.06814 0.12554 0.98600
1698136430.270434856 1.45782 -0.17206 -2.61553 -0.08481 0.06888 0.12782 0.98576
1698136430.280434847 1.46791 -0.17049 -2.61623 -0.08356 0.07009 0.13057 0.98542
1698136430.290434837 1.47786 -0.16926 -2.61468 -0.08237 0.07176 0.13350 0.98501
1698136430.300434828 1.48729 -0.16835 -2.61197 -0.08134 0.07391 0.13629 0.98455
1698136430.310434818 1.49589 -0.16771 -2.60906 -0.08050 0.07657 0.13867 0.98409
1698136430.320434809 1.50380 -0.16716 -2.60625 -0.07974 0.07967 0.14063 0.98362
1698136430.330434799 1.51127 -0.16648 -2.60369 -0.07889 0.08317 0.14222 0.98318
1698136430.340434790 1.51848 -0.16551 -2.60151 -0.07781 0.08698 0.14348 0.98275
1698136430.350434780 1.52557 -0.16425 -2.59983 -0.07654 0.09098 0.14446 0.98234
1698136430.360434771 1.53262 -0.16278 -2.59875 -0.07514 0.09503 0.14523 0.98195
1698136430.370434761 1.53971 -0.16114 -2.59837 -0.07371 0.09900 0.14584 0.98158
1698136430.380434752 1.54691 -0.15942 -2.59875 -0.07233 0.10278 0.14633 0.98122
1698136430.390434742 1.55426 -0.15767 -2.59992 -0.07110 0.10627 0.14675 0.98088
1698136430.400434732 1.56182 -0.15596 -2.60193 -0.07008 0.10940 0.14713 0.98055
1698136430.410434723 1.56960 -0.15427 -2.60483 -0.06922 0.11212 0.14751 0.98024
1698136430.420434713 1.57761 -0.15256 -2.60866 -0.06840 0.11440 0.14791 0.97998
1698136430.430434704 1.58584 -0.15081 -2.61347 -0.06757 0.11622 0.14833 0.97976
1698136430.440434694 1.59430 -0.14903 -2.61923 -0.06673 0.11760 0.14878 0.97958
1698136430.450434685 1.60297 -0.14723 -2.62593 -0.06595 0.11855 0.14925 0.97945
1698136430.460434675 1.61184 -0.14544 -2.63355 -0.06529 0.11910 0.14971 0.97936
1698136430.470434666 1.62092 -0.14364 -2.64208 -0.06489 0.11921 0.15007 0.97931
