1706352273.574296236 -0.29563 -0.01799 -0.27063 -0.01045 0.00364 0.00004 0.99994
1706352273.584296227 -0.29563 -0.01799 -0.27063 -0.01045 0.00364 0.00004 0.99994
1706352273.594296217 -0.29563 -0.01799 -0.27063 -0.01045 0.00364 0.00004 0.99994
1706352273.604296207 -0.29563 -0.01799 -0.27063 -0.01045 0.00364 0.00004 0.99994
1706352273.614296198 -0.29948 -0.02371 -0.27030 -0.01041 0.00362 0.00973 0.99989
1706352273.624296188 -0.32329 -0.06337 -0.26796 -0.01016 0.00345 0.07753 0.99693
1706352273.634296179 -0.36189 -0.16335 -0.26187 -0.00923 0.00291 0.25884 0.96587
1706352273.644296169 -0.33189 -0.28110 -0.25381 -0.01003 -0.00433 0.55755 0.83007
1706352273.654296160 -0.12780 -0.24711 -0.25515 -0.00850 -0.05435 0.82863 0.55709
1706352273.664296150 0.21473 -0.03236 -0.26467 0.04240 -0.18012 0.94872 0.25631
1706352273.674296141 6289.98064 -26.97366 1.18242 0.15976 -0.37529 0.90925 0.08306
1706352273.684296131 50315.36077 -216.99730 11.22118 0.26862 -0.57875 0.76520 0.08578
1706352273.694296122 169811.63469 -733.09690 38.26745 0.32128 -0.70139 0.57933 0.26306
1706352273.704296350 373008.30775 -470.06937 -789.40783 0.00018 -0.00037 0.00023 0.00032
1706352273.714296341 550116.16684 6751.66099 -6863.86446 0.00013 -0.00025 0.00014 0.00048
1706352273.724296331 561839.32477 28379.08690 -23457.71131 0.00885 -0.01783 0.01015 0.08612
1706352273.734296322 326168.02960 66831.89354 -51441.41827 0.00194 -0.00512 0.00302 0.08875
1706352273.744296312 -9765.18107 104419.24689 -74077.37087 -0.00066 -0.00037 0.00036 0.08897
1706352273.754296303 -241542.19779 118422.67619 -70225.92874 -0.01177 0.00349 -0.00019 0.99992
1706352273.764296293 -224633.06887 94086.84939 -27582.75859 -0.01149 0.00348 -0.00013 0.99993
1706352273.774296284 -54060.50233 48508.89444 30815.28022 -0.01092 0.00348 -0.00005 0.99993
1706352273.784296274 115264.63223 6749.06507 73096.02589 -0.01039 0.00346 0.00003 0.99994
1706352273.794296265 165110.33346 -12123.42249 76260.14484 -0.00990 0.00348 0.00016 0.99994
1706352273.804296255 123960.07308 -13003.50189 52799.61618 -0.00819 0.00403 0.00065 0.99996
1706352273.814296246 56976.19104 -6777.14429 24079.24724 -0.00368 0.00571 0.00191 0.99998
1706352273.824296236 16264.73856 -2320.66029 7012.67937 0.00420 0.00872 0.00406 0.99994
1706352273.834296227 1706.61179 -471.71830 708.88990 0.01213 0.01176 0.00621 0.99984
1706352273.844296217 126.41811 -58.32613 -174.30996 0.01579 0.01315 0.00722 0.99976
1706352273.854296207 545.19232 -79.76901 -97.31414 0.00376 0.00808 0.00385 0.99995
1706352273.864296198 769.67869 -220.44355 6.66536 -0.06374 -0.02082 -0.01532 0.99763
1706352273.874296188 803.04657 -336.03090 86.23086 -0.23114 -0.09317 -0.06309 0.96639
1706352273.884296179 664.39646 -318.63858 103.81350 -0.49086 -0.20639 -0.13757 0.83519
1706352273.894296169 436.61958 -206.07524 76.91439 -0.69824 -0.29768 -0.19738 0.62039
1706352273.904296160 218.62619 -72.66873 36.69256 -0.76998 -0.32952 -0.21818 0.50094
1706352273.914296150 86.95173 21.14532 8.40546 -0.69855 -0.29756 -0.19733 0.62012
1706352273.924296141 28.49290 70.84513 -6.33456 -0.49278 -0.20677 -0.13784 0.83392
1706352273.934296131 7.72455 85.90494 -11.79669 -0.01018 -0.00408 -0.00277 0.04128
1706352273.944296122 -4.70553 75.70530 -11.99994 -0.00337 -0.00113 -0.00082 0.04265
1706352273.954296350 -14.67717 51.64930 -9.13157 -0.00082 -0.00003 -0.00010 0.04279
1706352273.964296341 -22.05105 25.26516 -4.90395 -0.01062 0.00299 0.00012 0.99994
1706352273.974296331 -26.18709 23.00155 -0.57086 -0.01049 0.00304 0.00022 0.99994
1706352273.984296322 -24.46626 130.90121 4.47935 -0.01026 0.00316 0.00038 0.99994
1706352273.994296312 -13.77193 449.91566 11.32100 -0.01004 0.00329 0.00050 0.99994
1706352274.004296303 8.32857 991.88677 15.45464 -0.00989 0.00335 0.00050 0.99995
1706352274.014296293 41.53208 1412.21767 -9.91427 -0.00979 0.00332 0.00048 0.99995
1706352274.024296284 84.85144 1277.20185 -97.15404 -0.00966 0.00317 0.00054 0.99995
1706352274.034296274 135.55920 328.21196 -253.61402 -0.00945 0.00291 0.00075 0.99995
1706352274.044296265 183.96664 -993.06278 -386.56785 -0.00924 0.00264 0.00100 0.99995
1706352274.054296255 218.64471 -2069.85395 -378.27021 -0.00913 0.00252 0.00115 0.99995
1706352274.064296246 230.07637 -2435.59391 -158.25002 -0.00919 0.00263 0.00109 0.99995
1706352274.074296236 216.39266 -2224.51789 154.86699 -0.00935 0.00289 0.00089 0.99995
1706352274.084296227 177.63660 -1721.06186 395.18085 -0.00951 0.00318 0.00067 0.99995
1706352274.094296217 116.98832 -1173.17320 441.44935 -0.00959 0.00340 0.00054 0.99995
1706352274.104296207 50.17629 -682.84493 351.06132 -0.00959 0.00354 0.00051 0.99995
1706352274.114296198 -3.93395 -315.58148 226.06338 -0.00950 0.00360 0.00054 0.99995
1706352274.124296188 -31.31948 -115.74557 147.18451 -0.00937 0.00361 0.00062 0.99995
1706352274.134296179 -37.32801 -43.13306 109.88337 -0.00922 0.00359 0.00071 0.99995
1706352274.144296169 -32.14988 -36.39808 88.30102 -0.00914 0.00357 0.00077 0.99995
1706352274.154296160 -24.01790 -44.57713 63.05063 -0.01190 0.00385 -0.00214 0.99992
1706352274.164296150 -13.33462 -58.23604 40.63381 -0.03124 0.00582 -0.02258 0.99924
1706352274.174296141 1.45530 -78.32239 34.02394 -0.08341 0.01112 -0.07786 0.99341
1706352274.184296131 20.41860 -103.51524 50.67954 -0.17260 0.02012 -0.17256 0.96955
1706352274.194296122 37.66218 -123.42643 76.00419 -0.25871 0.02874 -0.26424 0.92867
1706352274.204296350 45.79875 -125.40375 89.89148 -0.29640 0.03244 -0.30453 0.90463
1706352274.214296341 40.02498 -101.65997 78.18896 -0.25862 0.02855 -0.26442 0.92865
1706352274.224296331 25.88235 -63.86725 50.55150 -0.17244 0.01978 -0.17290 0.96953
1706352274.234296322 11.49630 -28.56278 22.58789 -0.08323 0.01071 -0.07830 0.99339
1706352274.244296312 3.19650 -8.47308 6.45928 -0.03109 0.00542 -0.02307 0.99924
1706352274.254296303 0.14609 -1.07062 0.52135 -0.01179 0.00349 -0.00264 0.99992
1706352274.264296293 -0.28210 -0.01269 -0.32272 -0.00900 0.00322 0.00032 0.99995
1706352274.274296284 -0.27697 -0.01343 -0.32000 -0.00892 0.00329 0.00035 0.99995
1706352274.284296274 -0.27592 -0.01678 -0.31742 -0.00852 0.00380 0.00030 0.99996
1706352274.294296265 -0.27847 -0.02415 -0.31186 -0.00747 0.00526 0.00012 0.99996
1706352274.304296255 -0.28338 -0.03202 -0.30009 0.00367 0.00705 0.00229 0.99997
1706352274.314296246 -0.28683 -0.01686 -0.27649 0.07080 0.00402 0.01907 0.99730
1706352274.324296236 -0.28828 0.04987 -0.21873 0.24658 -0.01036 0.06406 0.96695
1706352274.334296227 -0.30373 0.15503 -0.06894 0.53404 -0.03151 0.14257 0.83276
1706352274.344296217 -0.35265 0.16738 0.14245 0.78581 -0.02859 0.25822 0.56125
1706352274.354296207 -0.38293 0.07998 0.22718 0.85948 -0.01684 0.44037 0.25902
1706352274.364296198 -0.29227 0.02778 0.15557 0.72662 -0.01425 0.68210 0.08102
1706352274.374296188 -0.06651 -0.01948 0.10714 0.46720 0.01507 0.88047 0.07923
1706352274.384296179 -0.29574 -0.01688 0.22508 0.01555 0.00437 0.07333 0.01977
1706352274.394296169 63.65277 20.71898 -1.01826 0.00307 0.00391 0.06431 0.04323
1706352274.404296160 511.28742 165.87902 -9.17679 -0.00089 0.00161 0.04329 0.06444
1706352274.414296150 1726.29496 559.88175 -31.05317 -0.00005 0.00003 0.00092 0.00344
1706352274.424296141 3917.35132 1273.77135 -73.47099 -0.00004 0.00002 0.00028 0.00356
1706352274.434296131 6593.08645 2165.11688 -143.33818 -0.00003 0.00001 0.00004 0.00357
1706352274.444296122 9087.11895 3038.11045 -247.58161 -0.00888 0.00290 0.00074 0.99996
1706352274.454296350 10769.25507 3705.49891 -383.21869 -0.00827 0.00266 0.00122 0.99996
1706352274.464296341 11154.02834 4014.16912 -507.59940 -0.00418 0.00108 0.00425 0.99998
1706352274.474296331 9792.15685 3819.55224 -568.16027 0.00687 -0.00319 0.01238 0.99989
1706352274.484296322 6560.71524 3061.87502 -529.04769 0.02604 -0.01062 0.02642 0.99926
1706352274.494296312 2642.20439 2020.54582 -421.24772 0.04519 -0.01805 0.04044 0.99800
1706352274.504296303 -454.51825 1059.76787 -292.45666 0.05390 -0.02142 0.04680 0.99722
1706352274.514296293 -1625.78449 460.83764 -182.46586 0.04522 -0.01804 0.04046 0.99799
1706352274.524296284 -1388.68323 173.42550 -99.44634 0.02608 -0.01060 0.02650 0.99925
1706352274.534296274 -665.49262 64.29511 -43.66416 0.00690 -0.00315 0.01257 0.99989
1706352274.544296265 -200.57888 19.77865 -13.83479 -0.00420 0.00115 0.00461 0.99998
1706352274.554296255 -26.66051 4.48478 -2.46999 -0.00833 0.00274 0.00176 0.99996
1706352274.564296246 1.45592 2.59142 -0.53052 -0.00893 0.00298 0.00141 0.99995
1706352274.574296236 4.79708 1.52585 -0.46986 -0.00888 0.00296 0.00139 0.99996
1706352274.584296227 7.72253 1.71226 -0.71250 -0.00880 0.00294 0.00130 0.99996
1706352274.594296217 10.42506 6.82414 -1.17571 -0.00874 0.00291 0.00118 0.99996
1706352274.604296207 12.43030 17.85708 -1.69640 -0.00873 0.00287 0.00102 0.99996
1706352274.614296198 10.59530 25.09528 -1.79023 -0.00869 0.00276 0.00075 0.99996
1706352274.624296188 1.10993 16.14505 -0.89251 -0.00854 0.00252 0.00024 0.99996
1706352274.634296179 -17.59418 -15.03231 1.23735 -0.00821 0.00214 -0.00054 0.99996
1706352274.644296169 -38.11829 -49.05579 3.54359 -0.00785 0.00175 -0.00128 0.99997
1706352274.654296160 -50.82193 -60.18941 4.64635 -0.00767 0.00156 -0.00159 0.99997
1706352274.664296150 -28.97231 -32.28286 0.43830 -0.00780 0.00169 -0.00120 0.99997
1706352274.674296141 122.53268 12.47161 -24.09779 -0.00813 0.00203 -0.00037 0.99996
1706352274.684296131 515.88744 42.29608 -86.70664 -0.00848 0.00237 0.00051 0.99996
1706352274.694296122 1175.19680 37.86387 -189.22538 -0.00870 0.00260 0.00113 0.99996
1706352274.704296350 1772.20714 29.65318 -269.86086 -0.00874 0.00279 0.00143 0.99996
1706352274.714296341 1890.57528 60.59344 -250.91233 -0.00858 0.00306 0.00141 0.99996
1706352274.724296331 1264.43625 152.78484 -91.18719 -0.00824 0.00349 0.00113 0.99996
1706352274.734296322 229.83799 245.01059 104.47462 -0.00789 0.00391 0.00079 0.99996
1706352274.744296312 -726.69329 255.22468 194.72503 -0.00771 0.00409 0.00064 0.99996
1706352274.754296303 -1226.32543 132.93487 85.64869 -0.01288 -0.00269 0.00496 0.99990
1706352274.764296293 -1320.99970 -46.13598 -126.93576 -0.04832 -0.04917 0.03413 0.99704
1706352274.774296284 -1170.33364 -174.70745 -299.74986 -0.14250 -0.17304 0.11148 0.96815
1706352274.784296274 -916.97866 -175.78470 -326.21217 -0.29358 -0.37286 0.23583 0.84804
1706352274.794296265 -635.85570 -93.65308 -246.90529 -0.41740 -0.53803 0.33820 0.64955
1706352274.804296255 -384.88816 -3.09138 -139.39735 -0.46152 -0.59736 0.37484 0.53819
1706352274.814296246 -208.97643 37.70499 -65.99278 -0.41752 -0.53792 0.33817 0.64958
1706352274.824296236 -101.40331 37.26943 -27.88809 -0.29380 -0.37275 0.23584 0.84801
1706352274.834296227 -42.52383 20.82493 -10.97316 -0.07171 -0.08689 0.05607 0.48576
1706352274.844296217 -13.98205 8.45979 -3.39597 -0.02461 -0.02497 0.01747 0.50027
1706352274.854296207 -4.74771 2.48227 -0.75319 -0.00698 -0.00189 0.00307 0.50174
1706352274.864296198 -5.21972 0.41785 -0.52557 -0.00885 0.00277 0.00203 0.99995
1706352274.874296188 -7.27254 0.10782 -0.62174 -0.00880 0.00275 0.00206 0.99996
1706352274.884296179 -8.71605 0.58537 -0.66694 -0.00876 0.00277 0.00209 0.99996
1706352274.894296169 -8.84221 1.18952 -0.71827 -0.00873 0.00279 0.00214 0.99996
1706352274.904296160 -7.24632 1.39246 -0.82190 -0.00874 0.00279 0.00221 0.99996
1706352274.914296150 -4.73708 1.19906 -0.98022 -0.00885 0.00278 0.00226 0.99995
1706352274.924296141 -2.42655 0.74729 -1.18469 -0.00916 0.00273 0.00218 0.99995
1706352274.934296131 -1.16231 0.18548 -1.41285 -0.00968 0.00264 0.00195 0.99995
1706352274.944296122 -0.73403 -0.29683 -1.58664 -0.01019 0.00256 0.00170 0.99994
1706352274.954296350 -0.66695 -0.49978 -1.61409 -0.01041 0.00252 0.00160 0.99994
1706352274.964296341 -0.59000 -0.40004 -0.79371 -0.01017 0.00257 0.00177 0.99994
1706352274.974296331 -0.54708 -0.68029 4.01408 -0.00965 0.00267 0.00212 0.99995
1706352274.984296322 -0.68578 -2.19975 16.55839 -0.00915 0.00278 0.00248 0.99995
1706352274.994296312 -1.13356 -5.66576 38.26696 -0.00889 0.00288 0.00274 0.99995
1706352275.004296303 -1.93725 -11.17828 61.28203 -0.00872 0.00299 0.00294 0.99995
1706352275.014296293 -3.12354 -18.68541 75.42449 -0.00844 0.00315 0.00313 0.99995
1706352275.024296284 -4.64768 -27.62594 73.10760 -0.00791 0.00336 0.00337 0.99996
1706352275.034296274 -6.17932 -35.40140 57.11412 -0.00736 0.00355 0.00358 0.99996
1706352275.044296265 -7.31668 -38.90403 32.81921 -0.00709 0.00361 0.00369 0.99996
1706352275.054296255 -7.78089 -36.04643 5.75055 -0.01527 -0.00004 0.00100 0.99988
1706352275.064296246 -7.78470 -28.82378 -17.95227 -0.07136 -0.02496 -0.01762 0.99698
1706352275.074296236 -7.66586 -20.25790 -31.98199 -0.22060 -0.09142 -0.06734 0.96873
1706352275.084296227 -7.65567 -12.87476 -32.20917 -0.46106 -0.19899 -0.14792 0.85202
1706352275.094296217 -7.50317 -7.19406 -23.42039 -0.66011 -0.28872 -0.21525 0.65921
1706352275.104296207 -6.77438 -3.29934 -12.73269 -0.73191 -0.32143 -0.23985 0.55088
1706352275.114296198 -5.19388 -1.20389 -5.81118 -0.65997 -0.28892 -0.21541 0.65921
1706352275.124296188 -3.25281 -0.35767 -2.49765 -0.46091 -0.19937 -0.14822 0.85196
1706352275.134296179 -1.62863 -0.08498 -1.16709 -0.13908 -0.05796 -0.04273 0.61040
1706352275.144296169 -0.68545 -0.06712 -0.57993 -0.04537 -0.01621 -0.01151 0.62822
1706352275.154296160 -0.33064 -0.06661 -0.35574 -0.01035 -0.00063 0.00013 0.63009
1706352275.164296150 -0.27395 -0.07566 -0.31396 -0.00847 0.00255 0.00285 0.99996
1706352275.174296141 -0.27157 -0.07886 -0.30320 -0.00844 0.00255 0.00289 0.99996
1706352275.184296131 -0.27398 -0.07765 -0.29611 -0.00842 0.00255 0.00291 0.99996
1706352275.194296122 -0.27886 -0.07098 -0.29832 -0.00841 0.00257 0.00287 0.99996
1706352275.204296350 -0.28385 -0.06403 -0.31303 -0.00794 0.00269 0.01230 0.99989
1706352275.214296341 -0.28345 -0.08670 -0.33376 -0.00450 0.00314 0.07907 0.99685
1706352275.224296331 -0.24871 -0.16825 -0.35296 0.00497 0.00411 0.25800 0.96612
1706352275.234296322 -0.11023 -0.27113 -0.37050 0.02413 0.00261 0.55338 0.83257
1706352275.244296312 0.08796 -0.24703 -0.39837 0.06654 -0.00619 0.82333 0.56361
1706352275.254296303 0.16589 -0.11477 -0.43847 0.15249 -0.00210 0.95210 0.26505
1706352275.264296293 0.09661 -0.04593 -0.47796 0.28455 0.03421 0.95547 0.07030
1706352275.274296284 -0.00577 -0.09266 -0.48649 0.42359 0.08898 0.89888 -0.06834
1706352275.284296274 -0.23701 -0.22092 -0.35518 0.06357 0.01458 0.09865 -0.03227
1706352275.294296265 -0.16986 -0.48249 -0.34368 0.06097 0.01281 0.07998 -0.06892
1706352275.304296255 -0.09368 -0.74486 -0.33556 0.04296 0.00770 0.05222 -0.10196
1706352275.314296246 -0.03624 -0.86421 -0.34080 -0.01818 -0.00284 -0.02098 0.10396
1706352275.324296236 -0.01567 -0.74272 -0.36093 -0.00616 -0.00067 -0.00599 0.10729
1706352275.334296227 -0.01239 -0.47044 -0.36292 -0.00168 0.00014 -0.00036 0.10762
1706352275.344296217 0.00182 -0.19210 -0.30372 -0.00974 0.00230 0.00433 0.99994
1706352275.354296207 0.06286 0.14374 -0.24980 -0.00684 0.01022 0.00826 0.99989
1706352275.364296198 0.22283 1.25460 -0.67902 0.01268 0.06573 0.03656 0.99709
1706352275.374296188 0.56220 4.02553 -2.16572 0.06469 0.21429 0.11304 0.96805
1706352275.384296179 1.23098 8.81785 -4.81922 0.14895 0.45362 0.23666 0.84619
1706352275.394296169 2.31732 14.02722 -6.91315 0.21903 0.65007 0.33809 0.64430
1706352275.404296160 3.69540 17.56539 -6.14243 0.24436 0.72000 0.37411 0.53098
1706352275.414296150 5.15450 17.88610 -1.09412 0.21909 0.65016 0.33805 0.64422
1706352275.424296141 6.27121 15.81206 5.59350 0.14908 0.45379 0.23655 0.84610
1706352275.434296131 6.60422 12.75018 10.27113 0.02668 0.08831 0.04633 0.39839
1706352275.444296122 5.47394 9.71789 10.73642 0.00526 0.02722 0.01455 0.41036
1706352275.454296350 3.30534 6.97470 7.74629 -0.00279 0.00442 0.00260 0.41151
1706352275.464296341 0.68332 4.39072 3.24423 -0.00966 0.00284 0.00210 0.99995
1706352275.474296331 98.19444 -113.30335 105.20333 -0.00947 0.00280 0.00226 0.99995
1706352275.484296322 796.39848 -922.00723 845.73340 -0.00911 0.00274 0.00258 0.99995
1706352275.494296312 2695.85051 -3112.76874 2862.97559 -0.00879 0.00269 0.00290 0.99995
1706352275.504296303 5874.94499 -6747.19551 6336.44643 -0.00869 0.00268 0.00309 0.99995
1706352275.514296293 8323.43387 -9369.13433 9611.16422 -0.00873 0.00267 0.00314 0.99995
1706352275.524296284 7508.90848 -7892.99180 10573.52267 -0.00874 0.00260 0.00306 0.99995
1706352275.534296274 1654.96945 -710.34368 7891.85801 -0.00865 0.00242 0.00290 0.99996
1706352275.544296265 -7990.74538 7878.55752 3362.27664 -0.00850 0.00223 0.00273 0.99996
1706352275.554296255 -19424.58884 12096.29014 -437.17256 -0.00840 0.00216 0.00265 0.99996
1706352275.564296246 -30446.95747 8081.31722 -1596.25602 -0.00844 0.00227 0.00274 0.99996
1706352275.574296236 -38074.42258 -364.35928 -876.00157 -0.00857 0.00250 0.00294 0.99996
1706352275.584296227 -39127.59915 -7522.85266 294.74765 -0.00873 0.00276 0.00314 0.99995
1706352275.594296217 -31830.86602 -9125.71713 788.99884 -0.00887 0.00297 0.00329 0.99995
1706352275.604296207 -20023.65742 -6702.27046 687.16075 -0.00898 0.00313 0.00339 0.99995
1706352275.614296198 -8949.17141 -3231.27134 371.49247 -0.00905 0.00329 0.00346 0.99995
1706352275.624296188 -2644.04969 -1091.75027 153.76117 -0.00910 0.00348 0.00352 0.99995
1706352275.634296179 -318.70861 -263.82512 63.76613 -0.00909 0.00364 0.00358 0.99995
1706352275.644296169 22.99186 -127.88562 60.81466 -0.00903 0.00370 0.00361 0.99995
1706352275.654296160 42.93719 -158.56576 105.17904 0.00019 0.00612 0.00221 0.99998
1706352275.664296150 65.99527 -207.47735 160.99432 0.06405 0.02349 -0.00754 0.99764
1706352275.674296141 82.78613 -220.48650 193.38527 0.23487 0.07017 -0.03361 0.96891
1706352275.684296131 86.65131 -158.87092 177.70006 0.50996 0.14512 -0.07572 0.84448
1706352275.694296122 81.71454 -45.32851 129.92066 0.73477 0.20582 -0.11036 0.63684
1706352275.704296350 74.73033 82.30555 76.16045 0.81415 0.22698 -0.12271 0.52018
1706352275.714296341 70.03701 186.65886 37.84606 0.73493 0.20571 -0.11047 0.63667
1706352275.724296331 62.35979 231.82021 17.29643 0.51031 0.14481 -0.07593 0.84430
1706352275.734296322 44.00781 182.34072 12.14369 0.23534 0.06941 -0.03379 0.96884
1706352275.744296312 11.43536 23.05218 19.16173 0.01589 0.00542 -0.00185 0.24588
1706352275.754296303 -22.14935 -180.66841 31.90211 0.00012 0.00095 0.00060 0.24646
1706352275.764296293 -39.25500 -343.61819 43.09097 -0.00215 0.00026 0.00098 0.24645
1706352275.774296284 -28.41626 -401.26621 47.04545 -0.00857 0.00134 0.00392 0.99995
1706352275.784296274 -2.15648 -372.23456 44.16560 -0.00828 0.00192 0.00377 0.99996
1706352275.794296265 21.00233 -295.95872 36.37516 -0.00798 0.00245 0.00360 0.99996
1706352275.804296255 27.12460 -207.40877 25.71879 -0.00777 0.00271 0.00350 0.99996
1706352275.814296246 20.61880 -123.71991 14.72803 -0.00759 0.00289 0.00337 0.99996
1706352275.824296236 10.47938 -57.56859 6.05620 -0.00731 0.00330 0.00310 0.99996
1706352275.834296227 3.93484 -18.08736 1.60621 -0.00688 0.00412 0.00263 0.99996
1706352275.844296217 1.14976 -0.23318 0.27952 -0.00645 0.00499 0.00215 0.99996
1706352275.854296207 0.52274 4.58087 0.22720 -0.00627 0.00544 0.00190 0.99996
1706352275.864296198 0.64933 3.90525 -0.07683 -0.00647 0.00514 0.00203 0.99996
1706352275.874296188 0.91279 1.14441 -0.86731 -0.00696 0.00437 0.00239 0.99996
1706352275.884296179 0.89335 -1.33368 -2.05614 -0.00754 0.00357 0.00273 0.99996
1706352275.894296169 0.32343 -1.76380 -3.45949 -0.00803 0.00307 0.00285 0.99996
1706352275.904296160 -0.45560 -0.79176 -4.51060 -0.00827 0.00279 0.00280 0.99996
1706352275.914296150 -0.95014 0.33390 -4.54696 -0.00808 0.00253 0.00265 0.99996
1706352275.924296141 -0.84630 0.64335 -3.20318 -0.00740 0.00218 0.00251 0.99997
1706352275.934296131 -0.54897 0.28176 -1.30224 -0.00660 0.00186 0.00241 0.99997
1706352275.944296122 -0.64273 -0.32697 0.03581 -0.00617 0.00175 0.00239 0.99998
1706352275.954296350 -1.65323 -0.82801 0.70303 -0.01031 0.01019 0.00413 0.99989
1706352275.964296341 -3.86756 -1.14192 4.64272 -0.03814 0.06811 0.01582 0.99682
1706352275.974296331 -7.48810 -1.24938 16.82785 -0.11135 0.22247 0.04672 0.96743
1706352275.984296322 -13.91062 2.92551 44.07185 -0.22824 0.47114 0.09621 0.84657
1706352275.994296312 -29.67890 31.52792 100.44214 -0.32374 0.67614 0.13686 0.64753
1706352276.004296303 -62.83683 108.59887 201.92546 -0.35750 0.74964 0.15160 0.53595
1706352276.014296293 -115.44060 242.70476 352.08640 -0.32328 0.67638 0.13759 0.64735
1706352276.024296284 -165.47114 380.68353 504.22161 -0.22774 0.47224 0.09736 0.84596
1706352276.034296274 -184.92246 453.89752 599.20524 -0.11147 0.22585 0.04813 0.96657
1706352276.044296265 -153.94666 412.89887 594.22588 -0.01923 0.03673 0.00858 0.48590
1706352276.054296255 -84.69201 285.30639 511.60180 -0.00621 0.01029 0.00302 0.48758
1706352276.064296246 2.95245 118.17998 389.73307 -0.00443 0.00698 0.00214 0.48766
1706352276.074296236 89.18961 -44.12817 263.41884 -0.00890 0.01270 0.00396 0.99987
1706352276.084296227 154.85774 -167.83172 152.48269 -0.00846 0.00927 0.00346 0.99992
1706352276.094296217 180.93157 -221.80718 73.03009 -0.00800 0.00583 0.00309 0.99995
1706352276.104296207 156.36390 -188.00129 35.42084 -0.00772 0.00380 0.00299 0.99996
1706352276.114296198 101.99702 -100.66440 27.05894 -0.00760 0.00296 0.00306 0.99996
1706352276.124296188 46.64562 -7.12280 29.60947 -0.00760 0.00273 0.00314 0.99996
1706352276.134296179 12.93303 54.65771 28.31324 -0.00765 0.00259 0.00309 0.99996
1706352276.144296169 -1.28268 84.15328 22.71405 -0.00768 0.00249 0.00291 0.99996
1706352276.154296160 -4.33478 90.20054 15.93147 -0.00762 0.00246 0.00259 0.99996
1706352276.164296150 -3.41140 81.35791 10.48082 -0.00742 0.00253 0.00217 0.99997
1706352276.174296141 -1.12001 65.07100 6.46045 -0.00717 0.00266 0.00179 0.99997
1706352276.184296131 1.07706 48.50720 3.36448 -0.00701 0.00278 0.00161 0.99997
1706352276.194296122 2.06126 37.24045 0.80853 -0.00698 0.00285 0.00172 0.99997
1706352276.204296350 2.08912 30.47083 -1.10574 -0.00695 0.00293 0.00196 0.99997
1706352276.214296341 1.76093 25.80493 -2.15518 -0.00669 0.00313 0.00211 0.99997
1706352276.224296331 1.57048 21.37226 -2.24565 -0.00608 0.00348 0.00199 0.99997
1706352276.234296322 1.58549 17.39386 -1.79920 -0.00540 0.00386 0.00162 0.99998
1706352276.244296312 1.76716 14.61369 -1.36690 -0.00500 0.00409 0.00107 0.99998
1706352276.254296303 2.03604 13.37739 -1.40471 0.00308 0.00277 -0.00407 0.99998
1706352276.264296293 2.15204 12.43755 -1.98490 0.06004 -0.00643 -0.03614 0.99752
1706352276.274296284 1.84945 10.14381 -3.05635 0.21342 -0.03097 -0.12066 0.96899
1706352276.284296274 1.01428 5.44281 -4.39981 0.46138 -0.07061 -0.25603 0.84652
1706352276.294296265 -0.01898 -0.14252 -5.46699 0.66505 -0.10338 -0.36644 0.64245
1706352276.304296255 -0.82508 -4.20143 -5.73878 0.73741 -0.11524 -0.40531 0.52789
1706352276.314296246 -1.05887 -4.92531 -4.85864 0.66487 -0.10379 -0.36606 0.64279
1706352276.324296236 -0.89719 -3.46992 -3.32067 0.46064 -0.07130 -0.25555 0.84701
1706352276.334296227 -0.59719 -1.59242 -1.78120 0.21151 -0.03197 -0.12079 0.96936
1706352276.344296217 -0.39357 -0.53425 -0.84620 0.01975 -0.00278 -0.01320 0.34919
1706352276.354296207 -0.30528 -0.08086 -0.49423 -0.00073 0.00026 -0.00261 0.35000
1706352276.364296198 -0.29220 -0.01128 -0.44168 -0.00376 0.00067 -0.00138 0.34998
1706352276.374296188 0.57258 2.78641 0.24029 -0.01023 0.00203 -0.00445 0.99994
1706352276.384296179 6.63250 22.36289 4.98030 -0.00920 0.00223 -0.00457 0.99994
1706352276.394296169 23.08126 75.49239 17.83651 -0.00826 0.00239 -0.00451 0.99995
1706352276.404296160 51.07175 167.17792 38.95195 -0.00787 0.00236 -0.00443 0.99996
1706352276.414296150 75.58948 255.32524 52.81422 -0.00782 0.00207 -0.00443 0.99996
1706352276.424296141 77.57811 286.06576 39.99707 -0.00775 0.00147 -0.00458 0.99996
1706352276.434296131 45.15971 226.63651 -9.95534 -0.00739 0.00057 -0.00493 0.99996
1706352276.444296122 -4.83007 128.69689 -71.61711 -0.00691 -0.00029 -0.00543 0.99996
1706352276.454296350 -48.37719 65.01190 -110.59194 -0.00659 -0.00071 -0.00604 0.99996
1706352276.464296341 -71.29557 84.31669 -103.11355 -0.00664 -0.00039 -0.00668 0.99996
1706352276.474296331 -98.71098 139.22695 -67.93573 -0.00708 0.00043 -0.00723 0.99995
1706352276.484296322 -165.57719 158.32846 -34.44234 -0.00785 0.00144 -0.00755 0.99994
1706352276.494296312 -287.44808 94.45239 -24.17549 -0.00887 0.00234 -0.00756 0.99993
1706352276.504296303 -402.27801 -2.58869 -27.31038 -0.00991 0.00305 -0.00742 0.99992
1706352276.514296293 -428.62149 -58.73683 -26.18051 -0.01068 0.00357 -0.00734 0.99991
1706352276.524296284 -316.68342 -24.71159 -11.38751 -0.01101 0.00387 -0.00748 0.99990
1706352276.534296274 -143.27033 49.65743 -6.60547 -0.01102 0.00400 -0.00787 0.99990
1706352276.544296265 -16.83922 89.76313 -43.77663 -0.01095 0.00400 -0.00851 0.99990
1706352276.554296255 -14.54167 43.87970 -139.11763 -0.01818 0.00370 -0.01499 0.99972
1706352276.564296246 -88.30795 -48.19349 -245.94239 -0.06869 0.00204 -0.05522 0.99611
1706352276.574296236 -158.76449 -123.77489 -301.83726 -0.20363 -0.00218 -0.16110 0.96570
1706352276.584296227 -165.64486 -136.20462 -264.11462 -0.42097 -0.00909 -0.33078 0.84456
1706352276.594296217 -125.09395 -102.92964 -169.01244 -0.60013 -0.01516 -0.47015 0.64697
1706352276.604296207 -72.35563 -57.44468 -72.50441 -0.66439 -0.01757 -0.51987 0.53667
1706352276.614296198 -35.75322 -26.64295 -18.13833 -0.60001 -0.01535 -0.46966 0.64744
1706352276.624296188 -15.91175 -10.96937 0.21943 -0.42045 -0.00940 -0.32992 0.84515
1706352276.634296179 -6.53591 -4.26729 1.12875 -0.20254 -0.00254 -0.16041 0.96604
1706352276.644296169 -2.14258 -1.26428 -0.01165 -0.03480 0.00088 -0.02874 0.51700
1706352276.654296160 -0.52544 -0.16202 -0.41591 -0.00836 0.00175 -0.00857 0.51882
1706352276.664296150 -0.29418 -0.00480 -0.45517 -0.00448 0.00192 -0.00605 0.51890
1706352276.674296141 -0.06498 0.80975 -0.19622 -0.00871 0.00372 -0.01269 0.99987
1706352276.684296131 1.54861 6.49928 1.47753 -0.00889 0.00371 -0.01373 0.99986
1706352276.694296122 5.92741 21.94185 5.98509 -0.00887 0.00373 -0.01450 0.99985
1706352276.704296350 13.29602 46.67466 13.62804 -0.00846 0.00381 -0.01481 0.99985
1706352276.714296341 19.24765 58.87770 20.24534 -0.00803 0.00390 -0.01489 0.99985
1706352276.724296331 18.21763 31.39166 20.56029 -0.00809 0.00393 -0.01509 0.99985
1706352276.734296322 7.01770 -49.40755 11.37865 -0.00894 0.00385 -0.01566 0.99983
1706352276.744296312 -8.03473 -143.00311 -2.16403 -0.01015 0.00373 -0.01648 0.99981
1706352276.754296303 -18.24583 -195.34298 -12.84975 -0.01111 0.00363 -0.01733 0.99978
1706352276.764296293 -16.69753 -168.72632 -13.11537 -0.01135 0.00364 -0.01802 0.99977
1706352276.774296284 -3.57475 -90.85707 5.98279 -0.01117 0.00373 -0.01847 0.99976
1706352276.784296274 19.16181 -5.79038 53.73351 -0.01100 0.00383 -0.01864 0.99976
1706352276.794296265 47.82616 51.05142 131.15009 -0.01119 0.00391 -0.01852 0.99976
1706352276.804296255 71.83111 78.77726 206.14379 -0.01165 0.00395 -0.01831 0.99976
1706352276.814296246 78.86417 85.12892 238.35038 -0.01218 0.00395 -0.01827 0.99975
1706352276.824296236 62.40667 71.72203 198.51259 -0.01260 0.00389 -0.01858 0.99974
1706352276.834296227 39.11530 15.66775 101.80104 -0.01282 0.00382 -0.01923 0.99973
1706352276.844296217 31.44058 -112.04889 -25.50662 -0.01279 0.00376 -0.02012 0.99971
1706352276.854296207 53.42686 -317.97853 -155.80814 -0.00429 0.00500 -0.02416 0.99969
1706352276.864296198 85.49496 -518.81488 -256.19966 0.05343 0.01374 -0.04617 0.99741
1706352276.874296188 99.66938 -608.79409 -292.42896 0.20763 0.03701 -0.10284 0.97208
1706352276.884296179 76.94227 -518.09551 -244.29170 0.45869 0.07451 -0.19259 0.86427
1706352276.894296169 34.05547 -320.48995 -148.03934 0.67091 0.10595 -0.26593 0.68406
1706352276.904296160 -3.36073 -125.44360 -54.10138 0.74929 0.11809 -0.29209 0.58250
1706352276.914296150 -16.54965 -17.80014 -1.69783 0.66956 0.10791 -0.26557 0.68522
1706352276.924296141 -14.27668 15.64595 14.56581 0.45575 0.07775 -0.19191 0.86569
1706352276.934296131 -12.18029 12.72442 11.29328 0.20350 0.04076 -0.10237 0.97286
1706352276.944296122 -21.28416 5.11230 2.85026 0.04033 0.01449 -0.03851 0.82178
1706352276.954296350 -33.97179 -0.79975 -5.05848 -0.00708 0.00727 -0.02174 0.82345
1706352276.964296341 -37.92341 -5.09583 -8.84785 -0.01383 0.00622 -0.02001 0.82342
1706352276.974296331 8.74646 89.01808 136.32804 -0.01661 0.00758 -0.02534 0.99951
1706352276.984296322 266.17825 765.64068 1140.21553 -0.01627 0.00765 -0.02636 0.99949
1706352276.994296312 924.07041 2605.70357 3853.79145 -0.01577 0.00771 -0.02711 0.99948
1706352277.004296303 2060.04171 5554.19528 8362.55516 -0.01512 0.00777 -0.02746 0.99948
1706352277.014296293 3303.38612 7012.33802 11690.10149 -0.01445 0.00788 -0.02759 0.99948
1706352277.024296284 4171.31641 3745.41225 10094.54893 -0.01391 0.00813 -0.02777 0.99948
1706352277.034296274 4298.83391 -5858.02435 1584.95754 -0.01361 0.00854 -0.02819 0.99947
1706352277.044296265 3792.09449 -16916.30326 -8825.84402 -0.01352 0.00896 -0.02887 0.99945
1706352277.054296255 2875.04269 -22924.47776 -14374.08447 -0.01356 0.00920 -0.02974 0.99942
1706352277.064296246 1774.33843 -19448.46360 -10486.75234 -0.01364 0.00912 -0.03072 0.99939
1706352277.074296236 727.50312 -10337.62871 -1353.87813 -0.01349 0.00880 -0.03158 0.99937
1706352277.084296227 -25.22643 -1512.20473 6643.74651 -0.01282 0.00840 -0.03205 0.99937
1706352277.094296217 -318.54135 2487.20360 8716.83348 -0.01147 0.00804 -0.03196 0.99939
1706352277.104296207 -286.84437 2638.50076 6442.11079 -0.00995 0.00779 -0.03162 0.99942
1706352277.114296198 -139.46621 1299.21897 2987.81096 -0.00890 0.00770 -0.03143 0.99944
1706352277.124296188 -45.42418 385.72185 883.80509 -0.00879 0.00777 -0.03172 0.99943
1706352277.134296179 -12.48205 49.69819 106.51788 -0.00926 0.00791 -0.03241 0.99940
1706352277.144296169 -8.09017 1.66795 -5.98777 -0.00976 0.00799 -0.03335 0.99936
1706352277.154296160 -5.51335 0.48413 -5.43781 -0.01897 0.00714 -0.03496 0.99918
1706352277.164296150 -1.27438 -1.66803 -2.71120 -0.08239 0.00168 -0.03987 0.99580
1706352277.174296141 2.28810 -4.26717 1.54412 -0.25237 -0.01263 -0.05047 0.96623
1706352277.184296131 3.39882 -6.73282 6.58413 -0.52699 -0.03599 -0.06421 0.84668
1706352277.194296122 2.55439 -8.36444 11.04730 -0.75408 -0.05592 -0.07173 0.65045
1706352277.204296350 0.82996 -8.58193 13.34752 -0.83592 -0.06309 -0.07280 0.54032
1706352277.214296341 -0.84859 -7.11130 12.49413 -0.75468 -0.05493 -0.07128 0.64989
1706352277.224296331 -2.15894 -4.54993 9.72570 -0.52866 -0.03441 -0.06363 0.84575
1706352277.234296322 -2.92752 -1.80014 6.87561 -0.25574 -0.01111 -0.05039 0.96537
1706352277.244296312 -3.03994 0.27403 5.32283 -0.04848 0.00141 -0.02256 0.54870
1706352277.254296303 -2.67646 1.42409 4.93456 -0.01465 0.00401 -0.02073 0.55070
1706352277.264296293 -2.08927 1.71351 5.24053 -0.01024 0.00426 -0.02087 0.55079
1706352277.274296284 -4.34133 1.15940 4.72058 -0.01789 0.00781 -0.03887 0.99905
1706352277.284296274 -23.71201 -0.17769 -2.46919 -0.01630 0.00825 -0.03986 0.99904
1706352277.294296265 -77.29676 -2.19414 -23.24138 -0.01508 0.00894 -0.04057 0.99902
1706352277.304296255 -165.15085 -3.42633 -57.69447 -0.01516 0.00975 -0.04084 0.99900
1706352277.314296246 -219.18165 3.06350 -78.65710 -0.01614 0.01053 -0.04103 0.99897
1706352277.324296236 -154.25959 25.58170 -52.14041 -0.01730 0.01107 -0.04162 0.99892
1706352277.334296227 72.18533 66.39177 38.83957 -0.01808 0.01125 -0.04291 0.99885
1706352277.344296217 332.48464 103.58594 143.24730 -0.01844 0.01117 -0.04451 0.99878
1706352277.354296207 456.41024 109.21360 193.04234 -0.01853 0.01100 -0.04590 0.99871
1706352277.364296198 328.41480 73.02491 143.09607 -0.01848 0.01090 -0.04666 0.99868
1706352277.374296188 51.67410 55.57308 39.92706 -0.01846 0.01104 -0.04694 0.99867
1706352277.384296179 -215.95528 135.11207 -47.03427 -0.01864 0.01158 -0.04705 0.99865
1706352277.394296169 -347.32889 362.90296 -69.41232 -0.01911 0.01263 -0.04725 0.99862
1706352277.404296160 -338.15097 682.23523 -63.05060 -0.01959 0.01403 -0.04780 0.99857
1706352277.414296150 -214.83793 1009.40548 -84.84743 -0.01970 0.01552 -0.04890 0.99849
1706352277.424296141 -14.62355 1278.42647 -185.09390 -0.01921 0.01689 -0.05065 0.99839
1706352277.434296131 181.98887 1494.17575 -387.65214 -0.01847 0.01786 -0.05257 0.99829
1706352277.444296122 283.67862 1679.24709 -709.77704 -0.01794 0.01817 -0.05402 0.99821
1706352277.454296350 230.72599 1836.33501 -1133.01600 -0.01486 0.02592 -0.05752 0.99790
1706352277.464296341 89.81821 1888.53682 -1496.08406 0.00665 0.08260 -0.07799 0.99350
1706352277.474296331 -40.72877 1739.04497 -1601.97230 0.06526 0.23565 -0.13167 0.96066
1706352277.484296322 -86.79818 1337.37836 -1330.94442 0.16173 0.48245 -0.21466 0.83367
1706352277.494296312 -71.46643 818.49551 -872.45559 0.24315 0.68438 -0.27762 0.62883
1706352277.504296303 -42.32075 363.85066 -493.15157 0.27286 0.75582 -0.29766 0.51544
1706352277.514296293 -40.70165 112.21242 -384.36541 0.24245 0.68345 -0.27666 0.63054
1706352277.524296284 -82.88203 31.34581 -436.74765 0.16021 0.47969 -0.21285 0.83602
1706352277.534296274 -178.88887 46.33178 -465.63324 0.06336 0.23059 -0.12942 0.96232
1706352277.544296265 -322.74358 90.56683 -337.44429 0.00154 0.02260 -0.02272 0.29773
1706352277.554296255 -443.83598 130.50591 -123.04125 -0.00463 0.00515 -0.01685 0.29890
1706352277.564296246 -455.10045 140.59297 55.36510 -0.00526 0.00260 -0.01635 0.29895
1706352277.574296236 -291.85425 116.56413 110.13415 -0.01714 0.00865 -0.05587 0.99825
1706352277.584296227 21.36222 138.75692 91.26420 -0.01727 0.00853 -0.05674 0.99820
1706352277.594296217 437.68653 308.73913 83.18072 -0.01780 0.00802 -0.05692 0.99819
1706352277.604296207 904.14277 683.62724 145.84101 -0.01861 0.00694 -0.05627 0.99822
1706352277.614296198 1343.28355 1142.81576 241.34843 -0.01961 0.00582 -0.05531 0.99826
1706352277.624296188 1671.54363 1521.26866 307.34284 -0.02076 0.00536 -0.05477 0.99827
1706352277.634296179 1837.35367 1702.23237 297.18846 -0.02191 0.00599 -0.05517 0.99822
1706352277.644296169 1917.12820 1762.08309 227.14683 -0.02269 0.00708 -0.05626 0.99813
1706352277.654296160 2019.27769 1825.47945 129.20386 -0.02263 0.00772 -0.05763 0.99805
1706352277.664296150 2202.80972 1968.01719 32.57386 -0.02156 0.00728 -0.05891 0.99800
1706352277.674296141 2329.12025 2069.04023 -44.61521 -0.02039 0.00622 -0.05993 0.99797
1706352277.684296131 2210.20235 1958.82955 -87.00700 -0.02034 0.00528 -0.06054 0.99794
1706352277.694296122 1731.17441 1532.78435 -85.65478 -0.02218 0.00499 -0.06073 0.99790
1706352277.704296350 1069.65638 946.77690 -57.25025 -0.02509 0.00521 -0.06085 0.99782
1706352277.714296341 476.39362 421.79772 -24.89476 -0.02786 0.00559 -0.06137 0.99771
1706352277.724296331 142.52535 126.28497 -6.70395 -0.02950 0.00583 -0.06260 0.99759
1706352277.734296322 20.76617 18.46714 -0.85070 -0.03013 0.00591 -0.06426 0.99746
1706352277.744296312 4.22453 4.02033 -0.52214 -0.03013 0.00584 -0.06589 0.99735
1706352277.754296303 4.16943 4.44255 -0.21209 -0.03913 0.00533 -0.06571 0.99706
1706352277.764296293 4.51261 4.51964 0.36209 -0.10361 0.00278 -0.05646 0.99301
1706352277.774296284 7.33050 4.86518 0.20161 -0.27628 -0.00366 -0.02851 0.96065
1706352277.784296274 13.67745 5.89172 -1.26631 -0.55270 -0.01415 0.02230 0.83296
1706352277.794296265 20.46773 7.03163 -3.20002 -0.77659 -0.02318 0.07131 0.62552
1706352277.804296255 23.56139 7.26690 -4.47552 -0.85515 -0.02644 0.09194 0.50947
1706352277.814296246 20.16846 5.85517 -4.24848 -0.77780 -0.02268 0.07226 0.62393
1706352277.824296236 12.87721 3.59887 -3.04584 -0.55558 -0.01346 0.02379 0.83101
1706352277.834296227 5.62652 1.57940 -1.67471 -0.28015 -0.00316 -0.02740 0.95956
1706352277.844296217 1.46579 0.48330 -0.84117 -0.02472 0.00065 -0.01313 0.22964
1706352277.854296207 -0.06972 0.03492 -0.52482 -0.00949 0.00114 -0.01578 0.23060
1706352277.864296198 -0.29160 -0.02807 -0.48849 -0.00715 0.00120 -0.01646 0.23064
1706352277.874296188 -0.29548 -0.00327 -0.49778 -0.03070 0.00540 -0.07270 0.99687
1706352277.884296179 -0.28478 -0.01221 -0.51903 -0.03081 0.00555 -0.07401 0.99677
1706352277.894296169 -0.24961 -0.04073 -0.55804 -0.03067 0.00521 -0.07479 0.99671
1706352277.904296160 -0.18755 -0.09333 -0.61938 -0.02988 0.00412 -0.07491 0.99673
1706352277.914296150 -0.13680 -0.15351 -0.69106 -0.02877 0.00270 -0.07483 0.99678
1706352277.924296141 -0.14568 -0.19949 -0.75696 -0.02788 0.00153 -0.07513 0.99678
1706352277.934296131 -0.23952 -0.21539 -0.80143 -0.02755 0.00106 -0.07622 0.99671
1706352277.944296122 -0.35165 -0.20881 -0.81068 -0.02754 0.00110 -0.07783 0.99659
1706352277.954296350 -0.39242 -0.19320 -0.77136 -0.02746 0.00133 -0.07949 0.99646
1706352277.964296341 -0.79124 -0.59705 -0.56280 -0.02700 0.00148 -0.08081 0.99636
1706352277.974296331 -4.05386 -3.50900 0.36506 -0.02634 0.00148 -0.08171 0.99631
1706352277.984296322 -13.20512 -11.43272 2.66966 -0.02575 0.00136 -0.08217 0.99628
1706352277.994296312 -27.64724 -24.70137 6.43079 -0.02543 0.00113 -0.08224 0.99629
1706352278.004296303 -32.29209 -34.96609 9.41793 -0.02538 0.00088 -0.08219 0.99629
1706352278.014296293 -8.42891 -31.70751 8.82293 -0.02556 0.00071 -0.08235 0.99628
1706352278.024296284 52.33162 -9.37592 3.04482 -0.02588 0.00069 -0.08297 0.99622
1706352278.034296274 117.09313 17.69973 -4.68873 -0.02623 0.00077 -0.08399 0.99612
1706352278.044296265 142.63784 30.22085 -9.94289 -0.02650 0.00085 -0.08527 0.99600
1706352278.054296255 100.75846 15.47544 -9.57669 -0.03476 0.00064 -0.08726 0.99558
1706352278.064296246 23.28960 -12.90186 -5.62268 -0.09180 -0.00100 -0.09250 0.99147
1706352278.074296236 -42.92479 -34.68703 -1.39153 -0.24460 -0.00519 -0.10258 0.96417
1706352278.084296227 -62.81889 -35.01605 0.58141 -0.49392 -0.01194 -0.11282 0.86208
1706352278.094296217 -48.43125 -20.55477 0.67573 -0.70732 -0.01778 -0.11436 0.69735
1706352278.104296207 -23.57882 -3.46593 -0.06556 -0.78810 -0.01997 -0.11197 0.60495
1706352278.114296198 -7.47507 6.48913 -0.79841 -0.70718 -0.01746 -0.11362 0.69763
1706352278.124296188 -0.89555 9.43911 -1.54762 -0.49359 -0.01111 -0.11198 0.86238
1706352278.134296179 -0.01187 7.91397 -2.53632 -0.24425 -0.00340 -0.10265 0.96426
1706352278.144296169 -1.40222 4.24037 -3.87790 -0.08572 0.00216 -0.08829 0.92629
1706352278.154296160 -3.26554 0.39234 -4.98236 -0.03285 0.00506 -0.08581 0.92989
1706352278.164296150 -4.20615 -1.71326 -5.03882 -0.02559 0.00582 -0.08667 0.93003
1706352278.174296141 -4.47077 -2.06937 2.23717 -0.02752 0.00535 -0.09418 0.99516
1706352278.184296131 -10.86667 -8.31771 44.95695 -0.02745 0.00364 -0.09530 0.99506
1706352278.194296122 -31.84220 -29.99296 156.68976 -0.02730 0.00201 -0.09594 0.99501
1706352278.204296350 -68.96583 -66.10127 355.03162 -0.02716 0.00115 -0.09602 0.99501
1706352278.214296341 -96.28746 -73.51418 593.68735 -0.02700 0.00096 -0.09590 0.99502
1706352278.224296331 -80.97736 1.43044 810.38892 -0.02680 0.00112 -0.09602 0.99502
1706352278.234296322 -1.07859 186.66308 950.14429 -0.02654 0.00136 -0.09673 0.99496
1706352278.244296312 121.87455 407.18766 987.06519 -0.02629 0.00158 -0.09796 0.99484
1706352278.254296303 255.47497 562.27649 902.53930 -0.02615 0.00168 -0.09952 0.99469
1706352278.264296293 368.60895 578.16069 695.34861 -0.02616 0.00164 -0.10121 0.99452
1706352278.274296284 435.33647 488.90677 433.85236 -0.02614 0.00149 -0.10268 0.99437
1706352278.284296274 431.01088 355.54011 203.80409 -0.02585 0.00128 -0.10356 0.99429
1706352278.294296265 343.95780 230.00549 70.33813 -0.02514 0.00107 -0.10363 0.99430
1706352278.304296255 214.39188 127.92546 16.11179 -0.02421 0.00093 -0.10333 0.99435
1706352278.314296246 95.50003 55.84196 3.16315 -0.02339 0.00089 -0.10328 0.99438
1706352278.324296236 28.05753 17.17795 -0.32111 -0.02291 0.00100 -0.10393 0.99432
1706352278.334296227 3.19316 2.88027 -1.55995 -0.02274 0.00116 -0.10516 0.99419
1706352278.344296217 -0.37594 0.77675 -1.62373 -0.02279 0.00128 -0.10673 0.99403
1706352278.354296207 -0.38810 0.71135 -1.42525 -0.02729 -0.00047 -0.10964 0.99360
1706352278.364296198 -0.40372 0.59216 -1.24673 -0.05785 -0.01266 -0.11992 0.99102
1706352278.374296188 -0.43933 0.34105 -1.20832 -0.14000 -0.04538 -0.14412 0.97855
1706352278.384296179 -0.50482 -0.07834 -1.36364 -0.27928 -0.10092 -0.18175 0.93743
1706352278.394296169 -0.57267 -0.51521 -1.55973 -0.41134 -0.15383 -0.21423 0.87249
1706352278.404296160 -0.59489 -0.77327 -1.63128 -0.46803 -0.17665 -0.22688 0.83563
1706352278.414296150 -0.53542 -0.72474 -1.47461 -0.41114 -0.15372 -0.21333 0.87282
1706352278.424296141 -0.43466 -0.47583 -1.16618 -0.27889 -0.10066 -0.18048 0.93782
1706352278.434296131 -0.34474 -0.20124 -0.84394 -0.13959 -0.04496 -0.14353 0.97872
1706352278.444296122 -0.29671 -0.03868 -0.64846 -0.05768 -0.01209 -0.12135 0.99085
1706352278.454296350 -0.28209 0.02676 -0.57416 -0.02749 0.00024 -0.11406 0.99309
1706352278.464296341 -0.28521 0.04315 -0.56396 -0.02325 0.00204 -0.11455 0.99314
1706352278.474296331 -0.29807 0.03074 -0.31462 -0.02318 0.00190 -0.11627 0.99294
1706352278.484296322 -0.34077 -0.09229 1.44415 -0.02292 0.00167 -0.11769 0.99278
1706352278.494296312 -0.44046 -0.43323 6.22424 -0.02249 0.00153 -0.11854 0.99269
1706352278.504296303 -0.59504 -1.03992 14.52644 -0.02191 0.00160 -0.11867 0.99269
1706352278.514296293 -0.68540 -1.72242 22.80711 -0.02134 0.00183 -0.11852 0.99272
1706352278.524296284 -0.56321 -2.23136 26.51151 -0.02093 0.00211 -0.11862 0.99272
1706352278.534296274 -0.13867 -2.40737 22.34629 -0.02082 0.00234 -0.11941 0.99262
1706352278.544296265 0.44374 -2.45126 12.06363 -0.02096 0.00250 -0.12075 0.99246
1706352278.554296255 0.98102 -2.65381 -1.32288 -0.02128 0.00256 -0.12241 0.99225
1706352278.564296246 1.31480 -3.19994 -14.77446 -0.02167 0.00251 -0.12411 0.99203
1706352278.574296236 1.46535 -3.85089 -25.15139 -0.02190 0.00240 -0.12556 0.99184
1706352278.584296227 1.49760 -4.26197 -29.28877 -0.02174 0.00229 -0.12644 0.99173
1706352278.594296217 1.46472 -4.18623 -25.29428 -0.02107 0.00222 -0.12660 0.99173
1706352278.604296207 1.37299 -3.76750 -16.36599 -0.02024 0.00219 -0.12644 0.99177
1706352278.614296198 1.21697 -3.24737 -6.97460 -0.01974 0.00219 -0.12650 0.99177
1706352278.624296188 0.99438 -2.82412 -0.61655 -0.01990 0.00222 -0.12721 0.99167
1706352278.634296179 0.71574 -2.52305 3.10852 -0.02047 0.00225 -0.12849 0.99150
1706352278.644296169 0.39477 -2.32621 5.57522 -0.02103 0.00225 -0.13014 0.99127
1706352278.654296160 0.08905 -2.19459 7.80003 -0.02124 0.00220 -0.13197 0.99102
1706352278.664296150 0.03161 -2.00498 9.36695 -0.02114 0.00218 -0.13384 0.99078
1706352278.674296141 0.49938 -1.61317 9.50182 -0.02084 0.00232 -0.13558 0.99054
1706352278.684296131 1.60762 -0.93013 7.74894 -0.02044 0.00266 -0.13701 0.99035
1706352278.694296122 2.82495 -0.08777 4.92626 -0.02006 0.00310 -0.13783 0.99025
1706352278.704296350 3.45837 0.72680 2.17016 -0.01981 0.00349 -0.13767 0.99027
1706352278.714296341 3.03079 1.33660 0.37396 -0.01977 0.00372 -0.13641 0.99045
1706352278.724296331 1.92886 1.60520 -0.54112 -0.01986 0.00379 -0.13483 0.99066
1706352278.734296322 0.75518 1.40636 -0.89694 -0.01994 0.00377 -0.13392 0.99079
1706352278.744296312 -0.01220 0.68467 -0.97583 -0.01992 0.00369 -0.13440 0.99072
1706352278.754296303 -0.39326 -0.33191 -0.90222 -0.01984 0.00359 -0.13592 0.99052
1706352278.764296293 -0.53251 -1.34456 -0.76104 -0.01973 0.00350 -0.13784 0.99025
1706352278.774296284 -1.17487 -1.70547 -1.01698 -0.01966 0.00344 -0.13961 0.99001
1706352278.784296274 -5.46692 0.62902 -3.65377 -0.01970 0.00344 -0.14101 0.98981
1706352278.794296265 -17.15565 8.05157 -11.03491 -0.01993 0.00353 -0.14192 0.98967
1706352278.804296255 -36.68293 21.10027 -23.37716 -0.02038 0.00372 -0.14228 0.98961
1706352278.814296246 -51.27005 32.89505 -32.31039 -0.02092 0.00396 -0.14248 0.98957
1706352278.824296236 -44.83321 34.70129 -27.31775 -0.02137 0.00417 -0.14296 0.98949
1706352278.834296227 -7.97620 21.24818 -2.51389 -0.02159 0.00431 -0.14406 0.98932
1706352278.844296217 41.94659 1.12017 29.46045 -0.02162 0.00436 -0.14569 0.98908
1706352278.854296207 80.89314 -13.63449 51.33303 -0.02155 0.00431 -0.14761 0.98880
1706352278.864296198 90.96401 -14.37849 50.81875 -0.02145 0.00418 -0.14957 0.98851
1706352278.874296188 78.83012 -6.11819 35.58112 -0.02147 0.00406 -0.15124 0.98826
1706352278.884296179 57.30499 2.72908 18.27080 -0.02173 0.00404 -0.15227 0.98809
1706352278.894296169 37.20016 5.67066 8.77962 -0.02230 0.00418 -0.15247 0.98805
1706352278.904296160 21.31939 3.91254 5.96397 -0.02292 0.00438 -0.15231 0.98806
1706352278.914296150 10.46445 0.58534 5.92140 -0.02325 0.00447 -0.15239 0.98804
1706352278.924296141 4.94366 -1.77838 5.48860 -0.02309 0.00436 -0.15318 0.98792
1706352278.934296131 3.09138 -3.03823 4.45891 -0.02266 0.00414 -0.15459 0.98771
1706352278.944296122 2.74852 -3.65190 3.36484 -0.02233 0.00396 -0.15639 0.98743
1706352278.954296350 2.38460 -4.04017 2.61553 -0.02235 0.00392 -0.15836 0.98712
1706352278.964296341 2.98364 -4.47629 2.12664 -0.02252 0.00395 -0.16033 0.98680
1706352278.974296331 6.15829 -5.19656 1.69051 -0.02254 0.00395 -0.16216 0.98650
1706352278.984296322 12.50244 -6.93401 1.16990 -0.02221 0.00384 -0.16367 0.98626
1706352278.994296312 18.53492 -12.40838 0.70930 -0.02171 0.00364 -0.16451 0.98613
1706352279.004296303 19.75582 -24.83608 0.52361 -0.02135 0.00343 -0.16430 0.98617
1706352279.014296293 13.33833 -45.15476 0.72857 -0.02132 0.00325 -0.16286 0.98641
1706352279.024296284 3.14812 -65.18692 1.04318 -0.02144 0.00311 -0.16099 0.98672
1706352279.034296274 -5.27604 -74.47629 1.08724 -0.02142 0.00298 -0.15970 0.98693
1706352279.044296265 -7.66284 -65.69124 0.62771 -0.02109 0.00286 -0.15976 0.98693
1706352279.054296255 -4.81096 -43.99865 0.02022 -0.02062 0.00280 -0.16094 0.98674
1706352279.064296246 1.21348 -17.69007 -0.23247 -0.02028 0.00284 -0.16280 0.98645
1706352279.074296236 8.28843 6.25312 0.26208 -0.02028 0.00302 -0.16488 0.98610
1706352279.084296227 14.06817 26.09011 1.45491 -0.02056 0.00329 -0.16676 0.98578
1706352279.094296217 16.15105 41.39022 3.18671 -0.02103 0.00354 -0.16803 0.98555
1706352279.104296207 13.09207 50.49687 5.10686 -0.02157 0.00372 -0.16845 0.98547
1706352279.114296198 7.27278 46.84972 6.09953 -0.02203 0.00380 -0.16849 0.98545
1706352279.124296188 2.03135 22.66251 4.85757 -0.02226 0.00376 -0.16883 0.98539
1706352279.134296179 -0.14353 -24.01134 0.72984 -0.02218 0.00362 -0.16995 0.98520
1706352279.144296169 -0.16126 -71.75971 -4.31070 -0.02192 0.00345 -0.17169 0.98490
1706352279.154296160 0.21924 -93.33078 -7.63508 -0.02170 0.00334 -0.17370 0.98455
1706352279.164296150 -0.73358 -57.41559 -7.16962 -0.02167 0.00335 -0.17566 0.98421
1706352279.174296141 -4.64174 83.52350 -3.06179 -0.02182 0.00336 -0.17726 0.98392
1706352279.184296131 -13.09992 381.08128 3.98564 -0.02212 0.00324 -0.17823 0.98373
1706352279.194296122 -24.09607 848.20849 14.65911 -0.02250 0.00289 -0.17843 0.98369
1706352279.204296350 -21.19129 1343.27961 35.20194 -0.02279 0.00241 -0.17837 0.98370
1706352279.214296341 15.66003 1686.02502 73.24663 -0.02283 0.00195 -0.17875 0.98363
1706352279.224296331 96.90824 1739.18612 128.96452 -0.02250 0.00162 -0.18005 0.98340
1706352279.234296322 194.62262 1537.54832 172.68215 -0.02202 0.00140 -0.18200 0.98305
1706352279.244296312 271.27718 1158.90803 167.26488 -0.02165 0.00123 -0.18413 0.98266
1706352279.254296303 298.07598 700.93480 90.73406 -0.02163 0.00106 -0.18610 0.98229
1706352279.264296293 281.14329 340.79072 -18.26500 -0.02189 0.00098 -0.18799 0.98193
1706352279.274296284 235.33344 275.51102 -105.93098 -0.02235 0.00107 -0.18999 0.98153
1706352279.284296274 175.11095 612.00945 -132.24842 -0.02288 0.00139 -0.19215 0.98110
1706352279.294296265 113.38107 1096.71379 -112.34518 -0.02340 0.00181 -0.19392 0.98074
1706352279.304296255 62.65922 1385.93026 -75.13500 -0.02382 0.00215 -0.19462 0.98059
1706352279.314296246 32.05818 1236.73724 -44.41552 -0.02408 0.00230 -0.19388 0.98073
1706352279.324296236 17.08005 809.30177 -23.52013 -0.02427 0.00233 -0.19260 0.98097
1706352279.334296227 9.82428 364.56306 -10.66611 -0.02451 0.00239 -0.19201 0.98108
1706352279.344296217 4.02819 106.46268 -4.01968 -0.02488 0.00257 -0.19297 0.98089
1706352279.354296207 -0.01940 10.95146 -1.54269 -0.02522 0.00278 -0.19495 0.98049
1706352279.364296198 -0.39181 -3.01743 -1.14591 -0.02530 0.00289 -0.19707 0.98006
1706352279.374296188 8.26405 -2.41332 -1.53845 -0.02500 0.00281 -0.19860 0.97976
1706352279.384296179 45.00693 2.10459 -4.62281 -0.02450 0.00262 -0.19945 0.97960
1706352279.394296169 132.32200 13.95461 -13.09986 -0.02408 0.00242 -0.19970 0.97956
1706352279.404296160 269.91156 31.48247 -19.46056 -0.02393 0.00229 -0.19945 0.97961
1706352279.414296150 366.34644 32.74340 24.64369 -0.02403 0.00220 -0.19907 0.97969
1706352279.424296141 307.41455 -9.27998 177.77139 -0.02431 0.00205 -0.19898 0.97970
1706352279.434296131 32.31422 -103.04232 466.40601 -0.02467 0.00180 -0.19950 0.97959
1706352279.444296122 -306.11473 -182.74732 788.73083 -0.02498 0.00154 -0.20063 0.97935
1706352279.454296350 -501.62207 -164.03592 1010.85408 -0.02510 0.00138 -0.20226 0.97901
1706352279.464296341 -605.78870 320.89881 1076.50538 -0.02496 0.00142 -0.20424 0.97860
1706352279.474296331 -1701.52047 2773.65577 1239.89989 -0.02476 0.00163 -0.20610 0.97822
1706352279.484296322 -5129.55454 8979.28191 1832.87423 -0.02479 0.00198 -0.20733 0.97795
1706352279.494296312 -11139.06936 19441.19971 3072.32814 -0.02521 0.00240 -0.20761 0.97788
1706352279.504296303 -15613.00724 29536.33214 4715.41385 -0.02580 0.00283 -0.20741 0.97791
1706352279.514296293 -13342.75115 33359.97692 6404.34668 -0.02621 0.00316 -0.20744 0.97789
1706352279.524296284 -1492.01776 27012.02596 7748.84955 -0.02620 0.00335 -0.20823 0.97772
1706352279.534296274 13286.13860 14610.75044 8228.67582 -0.02595 0.00343 -0.20966 0.97742
1706352279.544296265 21966.32849 2279.01692 7291.08640 -0.02573 0.00345 -0.21145 0.97704
1706352279.554296255 18230.09734 -5156.65101 4696.29217 -0.02571 0.00346 -0.21338 0.97662
1706352279.564296246 6586.73339 -8055.10326 1456.30421 -0.02571 0.00341 -0.21535 0.97619
1706352279.574296236 -5747.53861 -8071.53351 -1103.91629 -0.02543 0.00322 -0.21729 0.97577
1706352279.584296227 -13007.15483 -6691.37144 -2010.15491 -0.02471 0.00286 -0.21906 0.97539
1706352279.594296217 -15229.19680 -4720.99057 -1691.18476 -0.02380 0.00245 -0.22027 0.97515
1706352279.604296207 -13901.40787 -2797.00028 -926.52593 -0.02307 0.00216 -0.22041 0.97513
1706352279.614296198 -10483.49316 -1424.02493 -353.59116 -0.02276 0.00210 -0.21928 0.97539
1706352279.624296188 -6323.00507 -578.74855 -41.36350 -0.02265 0.00219 -0.21772 0.97575
1706352279.634296179 -2739.45779 -105.87005 83.28144 -0.02238 0.00234 -0.21683 0.97595
1706352279.644296169 -728.49731 132.79866 89.98588 -0.02173 0.00244 -0.21742 0.97583
1706352279.654296160 9.70359 206.99366 34.46321 -0.02102 0.00249 -0.21906 0.97548
1706352279.664296150 98.84049 169.33801 -31.05533 -0.02070 0.00247 -0.22102 0.97505
1706352279.674296141 59.86245 72.20603 -65.13886 -0.02111 0.00240 -0.22268 0.97466
1706352279.684296131 2.73219 -33.02278 -69.55771 -0.02204 0.00222 -0.22388 0.97437
1706352279.694296122 -65.33418 -95.21768 -56.88254 -0.02316 0.00189 -0.22454 0.97419
1706352279.704296350 -134.18479 -81.13077 -38.25684 -0.02418 0.00140 -0.22469 0.97413
1706352279.714296341 -181.92471 -29.04559 -19.11539 -0.02499 0.00089 -0.22471 0.97410
1706352279.724296331 -183.72323 4.87145 -3.46583 -0.02547 0.00054 -0.22508 0.97401
1706352279.734296322 -126.56580 -18.50133 5.63961 -0.02559 0.00045 -0.22616 0.97375
1706352279.744296312 -44.70242 -70.10676 8.97026 -0.02544 0.00053 -0.22777 0.97338
1706352279.754296303 15.80074 -103.84293 8.25085 -0.02515 0.00061 -0.22966 0.97295
1706352279.764296293 21.81167 -86.55228 4.95990 -0.02488 0.00058 -0.23152 0.97251
1706352279.774296284 -8.06507 -36.85459 -0.40898 -0.02478 0.00048 -0.23302 0.97216
1706352279.784296274 -42.29077 13.68597 -7.60836 -0.02504 0.00038 -0.23378 0.97197
1706352279.794296265 -58.08782 38.65384 -15.91270 -0.02574 0.00035 -0.23363 0.97198
1706352279.804296255 -67.72291 32.22783 -22.68389 -0.02664 0.00041 -0.23316 0.97207
1706352279.814296246 -92.22386 -6.26470 -24.80571 -0.02742 0.00053 -0.23311 0.97206
1706352279.824296236 -142.63727 -71.56937 -20.29694 -0.02782 0.00072 -0.23406 0.97182
1706352279.834296227 -190.08506 -134.72388 -11.71641 -0.02789 0.00086 -0.23574 0.97142
1706352279.844296217 -195.70796 -160.83891 -2.75796 -0.02778 0.00087 -0.23769 0.97094
1706352279.854296207 -135.13831 -127.07284 2.67285 -0.02688 -0.00251 -0.23396 0.97187
1706352279.864296198 -41.97367 -58.77450 -0.17636 -0.02178 -0.02513 -0.19640 0.97996
1706352279.874296188 35.70753 6.66224 -16.26817 -0.00824 -0.08559 -0.08958 0.99226
1706352279.884296179 62.23794 40.37209 -46.85435 0.01516 -0.18657 0.09959 0.97726
1706352279.894296169 51.46875 47.54513 -78.37689 0.03769 -0.27863 0.28456 0.91650
1706352279.904296160 29.58022 41.81856 -93.61185 0.04716 -0.31627 0.36497 0.87438
1706352279.914296150 17.49602 34.12834 -81.04906 0.03687 -0.27839 0.28507 0.91645
1706352279.924296141 15.10275 24.77688 -51.94174 0.01369 -0.18622 0.10014 0.97729
1706352279.934296131 17.03105 11.36551 -23.25679 -0.01006 -0.08527 -0.08995 0.99224
1706352279.944296122 18.59792 -6.84553 -8.08297 -0.02365 -0.02493 -0.19886 0.97942
1706352279.954296350 18.06661 -23.69205 -3.85099 -0.02867 -0.00246 -0.23942 0.97049
1706352279.964296341 14.46833 -31.26890 -4.06869 -0.02948 0.00078 -0.24672 0.96863
1706352279.974296331 7.83787 -24.63698 -3.53731 -0.02959 0.00069 -0.24849 0.96818
1706352279.984296322 2.18188 -10.73177 -2.23754 -0.02962 0.00047 -0.24998 0.96780
1706352279.994296312 2.49961 0.54256 -1.44496 -0.02949 0.00012 -0.25089 0.96757
1706352280.004296303 11.75103 2.49947 -2.01905 -0.02913 -0.00029 -0.25108 0.96753
1706352280.014296293 24.73891 1.32296 -3.15476 -0.02863 -0.00067 -0.25096 0.96757
1706352280.024296284 34.22676 6.41466 -3.63094 -0.02806 -0.00090 -0.25109 0.96756
1706352280.034296274 34.07211 23.48438 -2.61887 -0.02754 -0.00090 -0.25191 0.96736
1706352280.044296265 22.50867 43.47462 -0.85957 -0.02712 -0.00077 -0.25331 0.96700
1706352280.054296255 -1.13581 53.63605 0.51348 -0.02688 -0.00065 -0.25504 0.96656
1706352280.064296246 -34.68596 44.44987 -0.02781 -0.02685 -0.00066 -0.25685 0.96608
1706352280.074296236 -64.57591 19.31944 -5.59001 -0.02687 -0.00078 -0.25843 0.96566
1706352280.084296227 -74.39216 -15.12138 -19.67433 -0.02676 -0.00094 -0.25946 0.96538
1706352280.094296217 -52.35293 -46.06780 -41.47138 -0.02641 -0.00109 -0.25978 0.96531
1706352280.104296207 -5.20335 -36.03138 -52.92942 -0.02601 -0.00115 -0.25988 0.96529
1706352280.114296198 55.67974 58.64723 -31.68615 -0.02587 -0.00105 -0.26038 0.96516
1706352280.124296188 118.65252 252.71025 33.44069 -0.02615 -0.00076 -0.26172 0.96479
1706352280.134296179 171.00321 445.23140 108.91303 -0.02660 -0.00045 -0.26360 0.96427
1706352280.144296169 199.75311 506.36727 150.01277 -0.02683 -0.00035 -0.26548 0.96374
1706352280.154296160 196.02881 353.14397 126.25328 -0.03137 0.00534 -0.27247 0.96164
1706352280.164296150 167.38000 90.06709 64.07454 -0.06412 0.04669 -0.31128 0.94700
1706352280.174296141 125.47701 -131.47945 4.15043 -0.15190 0.15835 -0.40691 0.88672
1706352280.184296131 81.14685 -198.42602 -22.34858 -0.29138 0.33850 -0.53860 0.71444
1706352280.194296122 41.62323 -151.03197 -22.23812 -0.40223 0.48538 -0.61662 0.47159
1706352280.204296350 13.12451 -67.86455 -11.74275 -0.43993 0.53717 -0.63192 0.34437
1706352280.214296341 -0.25418 -12.28284 -4.07051 -0.40179 0.48585 -0.61598 0.47232
1706352280.224296331 -2.87466 12.97312 -0.63178 -0.29035 0.33898 -0.53752 0.71545
1706352280.234296322 -1.22155 20.37215 0.18037 -0.15013 0.15839 -0.40613 0.88737
1706352280.244296312 -0.66712 20.59410 -0.14192 0.05288 -0.03956 0.26793 -0.81347
1706352280.254296303 -1.63698 17.35095 -0.87770 0.02421 -0.00351 0.23663 -0.82540
1706352280.264296293 -3.26951 12.47122 -1.54148 0.02015 0.00169 0.23340 -0.82644
1706352280.274296284 -6.03652 7.02583 -1.49820 -0.02369 -0.00206 -0.27365 0.96154
1706352280.284296274 -15.84446 -1.43514 0.40431 -0.02396 -0.00224 -0.27539 0.96103
1706352280.294296265 -39.92460 -16.10141 5.44341 -0.02416 -0.00262 -0.27650 0.96071
1706352280.304296255 -81.94597 -38.01903 14.13844 -0.02417 -0.00324 -0.27670 0.96065
1706352280.314296246 -131.29229 -59.50966 23.97247 -0.02407 -0.00390 -0.27648 0.96071
1706352280.324296236 -173.77601 -70.71389 31.66949 -0.02395 -0.00435 -0.27652 0.96070
1706352280.334296227 -197.89256 -64.97876 34.72494 -0.02392 -0.00442 -0.27734 0.96046
1706352280.344296217 -202.86950 -48.47721 33.72014 -0.02392 -0.00422 -0.27882 0.96003
1706352280.354296207 -190.61739 -30.58864 30.00785 -0.02389 -0.00398 -0.28068 0.95949
1706352280.364296198 -163.75319 -18.67998 24.84357 -0.02379 -0.00386 -0.28262 0.95893
1706352280.374296188 -127.71929 -12.06820 19.09357 -0.02362 -0.00392 -0.28423 0.95846
1706352280.384296179 -88.66448 -8.05780 13.52685 -0.02342 -0.00415 -0.28509 0.95820
1706352280.394296169 -52.21272 -4.48866 8.73877 -0.02322 -0.00456 -0.28499 0.95824
1706352280.404296160 -21.88870 -1.34237 4.63017 -0.02309 -0.00501 -0.28453 0.95838
1706352280.414296150 -0.69229 0.86411 0.92824 -0.02309 -0.00536 -0.28454 0.95837
1706352280.424296141 9.51447 1.79261 -2.42957 -0.02323 -0.00551 -0.28562 0.95804
1706352280.434296131 11.42088 1.82028 -4.66479 -0.02331 -0.00555 -0.28746 0.95749
1706352280.444296122 8.85407 1.50309 -4.78869 -0.02305 -0.00562 -0.28952 0.95688
1706352280.454296350 5.23969 1.68670 -3.02316 -0.02932 -0.00571 -0.28543 0.95793
1706352280.464296341 2.39961 4.37453 -4.42973 -0.07745 -0.00529 -0.24490 0.96644
1706352280.474296331 1.77518 11.85573 -15.25583 -0.20777 -0.00354 -0.12733 0.96985
1706352280.484296322 4.21170 24.88353 -38.31033 -0.41756 0.00008 0.08532 0.90463
1706352280.494296312 7.87192 37.98985 -62.94846 -0.58877 0.00404 0.29035 0.75434
1706352280.504296303 10.09126 43.94833 -75.25873 -0.64992 0.00617 0.37554 0.66070
1706352280.514296293 8.97956 37.83814 -65.77237 -0.59157 0.00518 0.29009 0.75224
1706352280.524296284 5.79318 24.57261 -42.96859 -0.42318 0.00185 0.08505 0.90204
1706352280.534296274 2.56327 11.37487 -19.76888 -0.21521 -0.00169 -0.12831 0.96810
1706352280.544296265 0.74581 3.69679 -6.32787 -0.08233 -0.00356 -0.23938 0.93206
1706352280.554296255 0.12488 0.75779 -1.36592 -0.03548 -0.00432 -0.28138 0.92324
1706352280.564296246 0.13961 0.22570 -0.66868 -0.02907 -0.00460 -0.28886 0.92115
1706352280.574296236 0.32336 0.15862 -0.70331 -0.03080 -0.00495 -0.30165 0.95291
1706352280.584296227 0.49075 0.12705 -0.75319 -0.03384 -0.00506 -0.30805 0.95076
1706352280.594296217 0.53707 0.11844 -0.80820 -0.04164 -0.00508 -0.32201 0.94581
1706352280.604296207 0.39364 0.11571 -0.85899 -0.05757 -0.00342 -0.35130 0.93449
1706352280.614296198 0.14868 0.12473 -0.90165 -0.08836 0.00734 -0.41929 0.90351
1706352280.624296188 -0.06256 0.15165 -0.93717 -0.13929 0.03517 -0.54706 0.82467
1706352280.634296179 -0.12853 0.17893 -0.97176 -0.20519 0.08217 -0.72072 0.65705
1706352280.644296169 -0.09164 0.16818 -1.00256 -0.25949 0.13079 -0.86105 0.41731
1706352280.654296160 -0.04778 0.12985 -1.00911 -0.28565 0.16268 -0.92524 0.18939
1706352280.664296150 -25.20812 5.83670 -0.96814 -0.28868 0.17305 -0.93945 0.06447
1706352280.674296141 -201.36399 45.91517 -0.86377 -0.28052 0.16993 -0.94214 0.06937
1706352280.684296131 -679.48165 154.68492 -0.68066 -0.26165 0.15550 -0.92954 0.20814
1706352280.694296122 -1517.56093 349.43153 1.92321 -0.00110 0.00062 -0.00424 0.00226
1706352280.704296350 -2399.42196 581.26200 18.30042 -0.00078 0.00039 -0.00341 0.00350
1706352280.714296341 -2916.68176 783.87769 62.28336 -0.00045 0.00017 -0.00245 0.00429
1706352280.724296331 -2778.44144 897.86248 137.38116 -0.00007 0.00001 -0.00050 0.00125
1706352280.734296322 -2165.20793 890.49162 206.08327 -0.00005 -0.00000 -0.00044 0.00128
1706352280.744296312 -1375.33969 735.71318 220.62417 -0.00005 -0.00000 -0.00043 0.00128
1706352280.754296303 -671.27799 434.62690 144.62983 -0.04272 -0.00134 -0.31988 0.94649
1706352280.764296293 -172.13082 95.80763 -12.65947 -0.09554 0.00866 -0.32007 0.94253
1706352280.774296284 39.00704 -144.69398 -230.61002 -0.23603 0.03534 -0.31253 0.91944
1706352280.784296274 -71.03874 -191.16886 -477.54868 -0.46609 0.07945 -0.28239 0.83469
1706352280.794296265 -335.60899 -108.69823 -677.85282 -0.66656 0.11853 -0.23388 0.69782
1706352280.804296255 -538.13748 -2.65133 -744.98382 -0.74414 0.13420 -0.20646 0.62098
1706352280.814296246 -519.55086 44.41322 -625.65005 -0.66526 0.11945 -0.23325 0.69911
1706352280.824296236 -350.61064 41.41698 -399.58284 -0.46331 0.08107 -0.28157 0.83636
1706352280.834296227 -159.57079 20.09125 -179.76028 -0.23209 0.03754 -0.31258 0.92033
1706352280.844296217 -47.45401 6.05788 -53.76923 -0.08990 0.01131 -0.31789 0.92888
1706352280.854296207 -6.14713 0.88978 -7.34421 -0.03783 0.00199 -0.32097 0.93146
1706352280.864296198 -0.24555 0.15246 -0.71051 -0.02997 0.00071 -0.32293 0.93107
1706352280.874296188 -0.24334 0.15832 -0.70997 -0.02984 0.00054 -0.32934 0.94374
1706352280.884296179 -0.24248 0.15937 -0.71028 -0.02939 0.00020 -0.33110 0.94314
