1706352273.584300995 -0.29565 -0.01800 -0.27061 -0.01046 0.00367 0.00004 0.99994
1706352273.594300985 -0.29565 -0.01800 -0.27061 -0.01046 0.00367 0.00004 0.99994
1706352273.604300976 -0.29565 -0.01800 -0.27061 -0.01046 0.00367 0.00004 0.99994
1706352273.614300966 -0.29565 -0.01800 -0.27061 -0.01046 0.00367 0.00004 0.99994
1706352273.624300957 -0.29565 -0.01801 -0.27055 -0.01046 0.00367 0.00004 0.99994
1706352273.634300947 -0.29562 -0.01810 -0.27013 -0.01046 0.00367 0.00004 0.99994
1706352273.644300938 -0.29554 -0.01833 -0.26897 -0.01046 0.00367 0.00005 0.99994
1706352273.654300928 -0.29539 -0.01874 -0.26683 -0.01046 0.00366 0.00008 0.99994
1706352273.664300919 -0.29521 -0.01921 -0.26389 -0.01045 0.00366 0.00010 0.99994
1706352273.674300909 -0.29502 -0.01956 -0.26045 -0.01044 0.00365 0.00012 0.99994
1706352273.684300900 -0.29485 -0.01969 -0.25682 -0.01042 0.00363 0.00014 0.99994
1706352273.694300890 -0.29471 -0.01963 -0.25333 -0.01040 0.00362 0.00015 0.99994
1706352273.704300880 -0.29458 -0.01947 -0.25035 -0.01037 0.00360 0.00016 0.99994
1706352273.714301109 -0.29445 -0.01929 -0.24814 -0.01033 0.00359 0.00018 0.99994
1706352273.724301100 -0.29433 -0.01911 -0.24679 -0.01030 0.00357 0.00019 0.99994
1706352273.734301090 -0.29421 -0.01893 -0.24629 -0.01026 0.00356 0.00021 0.99994
1706352273.744301081 -0.29410 -0.01874 -0.24670 -0.01023 0.00355 0.00022 0.99994
1706352273.754301071 -0.29400 -0.01852 -0.24825 -0.01021 0.00356 0.00024 0.99994
1706352273.764301062 -0.29391 -0.01824 -0.25124 -0.01019 0.00360 0.00026 0.99994
1706352273.774301052 -0.29384 -0.01789 -0.25565 -0.01019 0.00368 0.00027 0.99994
1706352273.784301043 -0.29378 -0.01752 -0.26026 -0.01019 0.00378 0.00029 0.99994
1706352273.794301033 -0.29371 -0.01720 -0.26353 -0.01020 0.00386 0.00030 0.99994
1706352273.804301023 -0.29363 -0.01698 -0.26434 -0.01020 0.00391 0.00032 0.99994
1706352273.814301014 -0.29353 -0.01684 -0.26318 -0.01020 0.00392 0.00033 0.99994
1706352273.824301004 -0.29343 -0.01672 -0.26092 -0.01019 0.00390 0.00036 0.99994
1706352273.834300995 -0.29333 -0.01659 -0.25839 -0.01018 0.00387 0.00038 0.99994
1706352273.844300985 -0.29323 -0.01645 -0.25601 -0.01016 0.00384 0.00041 0.99994
1706352273.854300976 -0.29315 -0.01631 -0.25413 -0.01014 0.00381 0.00043 0.99994
1706352273.864300966 -0.29308 -0.01617 -0.25312 -0.01013 0.00380 0.00044 0.99994
1706352273.874300957 -0.29308 -0.01612 -0.25341 -0.01012 0.00379 0.00044 0.99994
1706352273.884300947 -0.29321 -0.01624 -0.25546 -0.01010 0.00378 0.00043 0.99994
1706352273.894300938 -0.29349 -0.01660 -0.25938 -0.01007 0.00375 0.00040 0.99994
1706352273.904300928 -0.29381 -0.01710 -0.26386 -0.01003 0.00372 0.00036 0.99994
1706352273.914300919 -0.29404 -0.01760 -0.26723 -0.00999 0.00369 0.00033 0.99994
1706352273.924300909 -0.29406 -0.01802 -0.26827 -0.00997 0.00367 0.00032 0.99994
1706352273.934300900 -0.29393 -0.01836 -0.26737 -0.00996 0.00365 0.00033 0.99994
1706352273.944300890 -0.29370 -0.01868 -0.26536 -0.00995 0.00365 0.00035 0.99994
1706352273.954300880 -0.29343 -0.01901 -0.26300 -0.00993 0.00364 0.00039 0.99994
1706352273.964301109 -0.29314 -0.01936 -0.26073 -0.00991 0.00363 0.00043 0.99994
1706352273.974301100 -0.29284 -0.01970 -0.25894 -0.00990 0.00362 0.00046 0.99994
1706352273.984301090 -0.29257 -0.02002 -0.25799 -0.00990 0.00361 0.00048 0.99994
1706352273.994301081 -0.29242 -0.02018 -0.25819 -0.00992 0.00361 0.00047 0.99994
1706352274.004301071 -0.29252 -0.02004 -0.25980 -0.00997 0.00362 0.00046 0.99994
1706352274.014301062 -0.29294 -0.01952 -0.26286 -0.01006 0.00364 0.00043 0.99994
1706352274.024301052 -0.29349 -0.01880 -0.26633 -0.01016 0.00368 0.00040 0.99994
1706352274.034301043 -0.29394 -0.01813 -0.26892 -0.01025 0.00371 0.00038 0.99994
1706352274.044301033 -0.29411 -0.01770 -0.26966 -0.01030 0.00374 0.00038 0.99994
1706352274.054301023 -0.29406 -0.01744 -0.26889 -0.01033 0.00376 0.00039 0.99994
1706352274.064301014 -0.29388 -0.01726 -0.26728 -0.01034 0.00377 0.00042 0.99994
1706352274.074301004 -0.29367 -0.01705 -0.26545 -0.01033 0.00378 0.00044 0.99994
1706352274.084300995 -0.29345 -0.01682 -0.26378 -0.01032 0.00378 0.00047 0.99994
1706352274.094300985 -0.29323 -0.01657 -0.26262 -0.01031 0.00378 0.00049 0.99994
1706352274.104300976 -0.29302 -0.01633 -0.26223 -0.01031 0.00379 0.00051 0.99994
1706352274.114300966 -0.29280 -0.01614 -0.26255 -0.01032 0.00376 0.00051 0.99994
1706352274.124300957 -0.29255 -0.01607 -0.26346 -0.01033 0.00367 0.00048 0.99994
1706352274.134300947 -0.29226 -0.01613 -0.26476 -0.01033 0.00350 0.00042 0.99994
1706352274.144300938 -0.29197 -0.01625 -0.26605 -0.01033 0.00329 0.00035 0.99994
1706352274.154300928 -0.29170 -0.01632 -0.26686 -0.01034 0.00311 0.00029 0.99994
1706352274.164300919 -0.29149 -0.01627 -0.26686 -0.01036 0.00303 0.00026 0.99994
1706352274.174300909 -0.29133 -0.01611 -0.26623 -0.01038 0.00300 0.00026 0.99994
1706352274.184300900 -0.29120 -0.01589 -0.26527 -0.01042 0.00302 0.00028 0.99994
1706352274.194300890 -0.29110 -0.01566 -0.26427 -0.01045 0.00304 0.00030 0.99994
1706352274.204300880 -0.29102 -0.01542 -0.26354 -0.01050 0.00306 0.00033 0.99994
1706352274.214301109 -0.29095 -0.01517 -0.26336 -0.01054 0.00308 0.00035 0.99994
1706352274.224301100 -0.29091 -0.01493 -0.26396 -0.01057 0.00310 0.00036 0.99994
1706352274.234301090 -0.29105 -0.01477 -0.26530 -0.01059 0.00315 0.00037 0.99994
1706352274.244301081 -0.29155 -0.01477 -0.26730 -0.01057 0.00325 0.00038 0.99994
1706352274.254301071 -0.29247 -0.01500 -0.26974 -0.01051 0.00340 0.00038 0.99994
1706352274.264301062 -0.29353 -0.01532 -0.27199 -0.01043 0.00358 0.00039 0.99994
1706352274.274301052 -0.29436 -0.01561 -0.27328 -0.01036 0.00375 0.00040 0.99994
1706352274.284301043 -0.29465 -0.01573 -0.27306 -0.01032 0.00386 0.00041 0.99994
1706352274.294301033 -0.29450 -0.01573 -0.27158 -0.01031 0.00392 0.00044 0.99994
1706352274.304301023 -0.29410 -0.01567 -0.26929 -0.01032 0.00397 0.00048 0.99994
1706352274.314301014 -0.29360 -0.01560 -0.26663 -0.01032 0.00400 0.00052 0.99994
1706352274.324301004 -0.29304 -0.01553 -0.26401 -0.01032 0.00403 0.00056 0.99994
1706352274.334300995 -0.29247 -0.01545 -0.26181 -0.01032 0.00406 0.00060 0.99994
1706352274.344300985 -0.29195 -0.01538 -0.26046 -0.01031 0.00409 0.00063 0.99994
1706352274.354300976 -0.29169 -0.01536 -0.26039 -0.01029 0.00412 0.00063 0.99994
1706352274.364300966 -0.29197 -0.01545 -0.26206 -0.01024 0.00414 0.00059 0.99994
1706352274.374300957 -0.29292 -0.01570 -0.26557 -0.01017 0.00414 0.00049 0.99994
1706352274.384300947 -0.29417 -0.01597 -0.26966 -0.01008 0.00414 0.00036 0.99994
1706352274.394300938 -0.29522 -0.01613 -0.27272 -0.01002 0.00415 0.00026 0.99994
1706352274.404300928 -0.29570 -0.01607 -0.27353 -0.01001 0.00417 0.00022 0.99994
1706352274.414300919 -0.29569 -0.01583 -0.27247 -0.01003 0.00421 0.00022 0.99994
1706352274.424300909 -0.29542 -0.01549 -0.27029 -0.01006 0.00425 0.00025 0.99994
1706352274.434300900 -0.29507 -0.01511 -0.26771 -0.01008 0.00428 0.00030 0.99994
1706352274.444300890 -0.29470 -0.01472 -0.26517 -0.01008 0.00431 0.00035 0.99994
1706352274.454300880 -0.29431 -0.01431 -0.26306 -0.01010 0.00435 0.00040 0.99994
1706352274.464301109 -0.29395 -0.01394 -0.26175 -0.01012 0.00439 0.00044 0.99994
1706352274.474301100 -0.29368 -0.01377 -0.26151 -0.01014 0.00441 0.00047 0.99994
1706352274.484301090 -0.29359 -0.01401 -0.26260 -0.01015 0.00440 0.00046 0.99994
1706352274.494301081 -0.29372 -0.01477 -0.26503 -0.01014 0.00432 0.00040 0.99994
1706352274.504301071 -0.29396 -0.01576 -0.26783 -0.01013 0.00421 0.00033 0.99994
1706352274.514301062 -0.29416 -0.01660 -0.26981 -0.01011 0.00411 0.00026 0.99994
1706352274.524301052 -0.29420 -0.01702 -0.27005 -0.01010 0.00406 0.00023 0.99994
1706352274.534301043 -0.29412 -0.01708 -0.26884 -0.01009 0.00405 0.00022 0.99994
1706352274.544301033 -0.29398 -0.01695 -0.26676 -0.01009 0.00407 0.00024 0.99994
1706352274.554301023 -0.29384 -0.01676 -0.26435 -0.01009 0.00409 0.00027 0.99994
1706352274.564301014 -0.29371 -0.01654 -0.26203 -0.01009 0.00413 0.00030 0.99994
1706352274.574301004 -0.29357 -0.01631 -0.26016 -0.01008 0.00415 0.00032 0.99994
1706352274.584300995 -0.29346 -0.01607 -0.25909 -0.01005 0.00415 0.00033 0.99994
1706352274.594300985 -0.29347 -0.01591 -0.25905 -0.01002 0.00412 0.00032 0.99994
1706352274.604300976 -0.29374 -0.01593 -0.26021 -0.01000 0.00404 0.00029 0.99994
1706352274.614300966 -0.29433 -0.01619 -0.26255 -0.01000 0.00391 0.00024 0.99994
1706352274.624300957 -0.29504 -0.01656 -0.26519 -0.01001 0.00376 0.00017 0.99994
1706352274.634300947 -0.29562 -0.01686 -0.26705 -0.01001 0.00364 0.00011 0.99994
1706352274.644300938 -0.29587 -0.01696 -0.26730 -0.01001 0.00358 0.00008 0.99994
1706352274.654300928 -0.29583 -0.01689 -0.26624 -0.01001 0.00357 0.00007 0.99994
1706352274.664300919 -0.29564 -0.01672 -0.26443 -0.01002 0.00359 0.00008 0.99994
1706352274.674300909 -0.29537 -0.01653 -0.26241 -0.01003 0.00360 0.00011 0.99994
1706352274.684300900 -0.29508 -0.01633 -0.26055 -0.01005 0.00360 0.00013 0.99994
1706352274.694300890 -0.29478 -0.01610 -0.25916 -0.01006 0.00362 0.00015 0.99994
1706352274.704300880 -0.29450 -0.01584 -0.25855 -0.01006 0.00364 0.00015 0.99994
1706352274.714301109 -0.29426 -0.01550 -0.25890 -0.01006 0.00367 0.00016 0.99994
1706352274.724301100 -0.29408 -0.01502 -0.26038 -0.01007 0.00367 0.00020 0.99994
1706352274.734301090 -0.29398 -0.01436 -0.26295 -0.01011 0.00363 0.00028 0.99994
1706352274.744301081 -0.29389 -0.01359 -0.26582 -0.01015 0.00358 0.00037 0.99994
1706352274.754301071 -0.29371 -0.01279 -0.26797 -0.01019 0.00355 0.00047 0.99994
1706352274.764301062 -0.29337 -0.01205 -0.26866 -0.01019 0.00355 0.00056 0.99994
1706352274.774301052 -0.29289 -0.01135 -0.26819 -0.01017 0.00357 0.00063 0.99994
1706352274.784301043 -0.29234 -0.01066 -0.26709 -0.01016 0.00362 0.00069 0.99994
1706352274.794301033 -0.29174 -0.00998 -0.26587 -0.01016 0.00369 0.00076 0.99994
1706352274.804301023 -0.29112 -0.00929 -0.26486 -0.01016 0.00375 0.00083 0.99994
1706352274.814301014 -0.29048 -0.00860 -0.26437 -0.01016 0.00381 0.00091 0.99994
1706352274.824301004 -0.28988 -0.00796 -0.26462 -0.01016 0.00386 0.00097 0.99994
1706352274.834300995 -0.28948 -0.00772 -0.26553 -0.01014 0.00389 0.00100 0.99994
1706352274.844300985 -0.28949 -0.00829 -0.26696 -0.01012 0.00389 0.00098 0.99994
1706352274.854300976 -0.29003 -0.00987 -0.26869 -0.01009 0.00387 0.00089 0.99994
1706352274.864300966 -0.29079 -0.01193 -0.27033 -0.01007 0.00385 0.00076 0.99994
1706352274.874300957 -0.29139 -0.01369 -0.27139 -0.01008 0.00383 0.00066 0.99994
1706352274.884300947 -0.29154 -0.01461 -0.27154 -0.01010 0.00384 0.00062 0.99994
1706352274.894300938 -0.29131 -0.01482 -0.27097 -0.01015 0.00388 0.00063 0.99994
1706352274.904300928 -0.29089 -0.01465 -0.27001 -0.01020 0.00391 0.00066 0.99994
1706352274.914300919 -0.29042 -0.01439 -0.26896 -0.01023 0.00394 0.00069 0.99994
1706352274.924300909 -0.28995 -0.01410 -0.26813 -0.01026 0.00397 0.00072 0.99994
1706352274.934300900 -0.28949 -0.01380 -0.26780 -0.01029 0.00400 0.00074 0.99994
1706352274.944300890 -0.28908 -0.01356 -0.26819 -0.01033 0.00403 0.00077 0.99994
1706352274.954300880 -0.28901 -0.01366 -0.26921 -0.01035 0.00406 0.00078 0.99994
1706352274.964301109 -0.28957 -0.01444 -0.27071 -0.01032 0.00407 0.00076 0.99994
1706352274.974301100 -0.29093 -0.01607 -0.27247 -0.01024 0.00404 0.00071 0.99994
1706352274.984301090 -0.29262 -0.01805 -0.27400 -0.01012 0.00400 0.00063 0.99994
1706352274.994301081 -0.29401 -0.01972 -0.27474 -0.01001 0.00398 0.00056 0.99994
1706352275.004301071 -0.29463 -0.02056 -0.27428 -0.00995 0.00400 0.00053 0.99994
1706352275.014301062 -0.29461 -0.02070 -0.27281 -0.00992 0.00405 0.00053 0.99994
1706352275.024301052 -0.29423 -0.02043 -0.27068 -0.00991 0.00412 0.00055 0.99994
1706352275.034301043 -0.29372 -0.02000 -0.26823 -0.00991 0.00418 0.00058 0.99994
1706352275.044301033 -0.29316 -0.01949 -0.26583 -0.00991 0.00425 0.00062 0.99994
1706352275.054301023 -0.29258 -0.01891 -0.26385 -0.00989 0.00431 0.00066 0.99994
1706352275.064301014 -0.29203 -0.01834 -0.26261 -0.00987 0.00437 0.00068 0.99994
1706352275.074301004 -0.29165 -0.01788 -0.26235 -0.00984 0.00441 0.00068 0.99994
1706352275.084300995 -0.29159 -0.01771 -0.26325 -0.00983 0.00437 0.00064 0.99994
1706352275.094300985 -0.29194 -0.01789 -0.26528 -0.00983 0.00425 0.00058 0.99994
1706352275.104300976 -0.29248 -0.01818 -0.26760 -0.00985 0.00410 0.00052 0.99994
1706352275.114300966 -0.29291 -0.01829 -0.26912 -0.00988 0.00398 0.00046 0.99994
1706352275.124300957 -0.29300 -0.01797 -0.26904 -0.00989 0.00394 0.00045 0.99994
1706352275.134300947 -0.29280 -0.01728 -0.26763 -0.00990 0.00396 0.00047 0.99994
1706352275.144300938 -0.29243 -0.01632 -0.26543 -0.00990 0.00400 0.00050 0.99994
1706352275.154300928 -0.29201 -0.01520 -0.26293 -0.00989 0.00402 0.00054 0.99994
1706352275.164300919 -0.29156 -0.01399 -0.26050 -0.00987 0.00404 0.00058 0.99994
1706352275.174300909 -0.29111 -0.01273 -0.25850 -0.00987 0.00407 0.00062 0.99994
1706352275.184300900 -0.29072 -0.01149 -0.25723 -0.00987 0.00412 0.00065 0.99994
1706352275.194300890 -0.29059 -0.01052 -0.25685 -0.00987 0.00415 0.00065 0.99994
1706352275.204300880 -0.29093 -0.01004 -0.25751 -0.00986 0.00412 0.00062 0.99994
1706352275.214301109 -0.29186 -0.01023 -0.25918 -0.00984 0.00401 0.00054 0.99994
1706352275.224301100 -0.29302 -0.01079 -0.26116 -0.00981 0.00386 0.00044 0.99994
1706352275.234301090 -0.29391 -0.01134 -0.26258 -0.00979 0.00373 0.00038 0.99995
1706352275.244301081 -0.29418 -0.01159 -0.26280 -0.00980 0.00367 0.00037 0.99995
1706352275.254301071 -0.29392 -0.01159 -0.26204 -0.00982 0.00367 0.00040 0.99994
1706352275.264301062 -0.29339 -0.01150 -0.26075 -0.00985 0.00370 0.00045 0.99994
1706352275.274301052 -0.29276 -0.01144 -0.25937 -0.00987 0.00375 0.00049 0.99994
1706352275.284301043 -0.29209 -0.01142 -0.25819 -0.00989 0.00381 0.00052 0.99994
1706352275.294301033 -0.29142 -0.01141 -0.25749 -0.00990 0.00388 0.00054 0.99994
1706352275.304301023 -0.29078 -0.01141 -0.25754 -0.00993 0.00395 0.00056 0.99994
1706352275.314301014 -0.29036 -0.01145 -0.25846 -0.00996 0.00397 0.00058 0.99994
1706352275.324301004 -0.29038 -0.01155 -0.26035 -0.00999 0.00390 0.00058 0.99994
1706352275.334300995 -0.29095 -0.01174 -0.26315 -0.01002 0.00371 0.00057 0.99994
1706352275.344300985 -0.29177 -0.01195 -0.26610 -0.01004 0.00348 0.00056 0.99994
1706352275.354300976 -0.29247 -0.01209 -0.26826 -0.01005 0.00330 0.00055 0.99994
1706352275.364300966 -0.29274 -0.01212 -0.26893 -0.01005 0.00323 0.00056 0.99994
1706352275.374300957 -0.29267 -0.01207 -0.26841 -0.01005 0.00327 0.00059 0.99994
1706352275.384300947 -0.29240 -0.01200 -0.26722 -0.01005 0.00335 0.00062 0.99994
1706352275.394300938 -0.29207 -0.01195 -0.26587 -0.01006 0.00344 0.00065 0.99994
1706352275.404300928 -0.29173 -0.01193 -0.26470 -0.01007 0.00354 0.00068 0.99994
1706352275.414300919 -0.29138 -0.01192 -0.26399 -0.01008 0.00363 0.00071 0.99994
1706352275.424300909 -0.29104 -0.01190 -0.26397 -0.01010 0.00370 0.00073 0.99994
1706352275.434300900 -0.29081 -0.01185 -0.26461 -0.01010 0.00373 0.00075 0.99994
1706352275.444300890 -0.29079 -0.01173 -0.26576 -0.01009 0.00369 0.00076 0.99994
1706352275.454300880 -0.29103 -0.01152 -0.26728 -0.01007 0.00356 0.00075 0.99994
1706352275.464301109 -0.29142 -0.01120 -0.26876 -0.01004 0.00341 0.00073 0.99994
1706352275.474301100 -0.29179 -0.01076 -0.26980 -0.01003 0.00331 0.00071 0.99994
1706352275.484301090 -0.29203 -0.01020 -0.27007 -0.01005 0.00332 0.00069 0.99994
1706352275.494301081 -0.29216 -0.00954 -0.26974 -0.01008 0.00343 0.00067 0.99994
1706352275.504301071 -0.29224 -0.00880 -0.26909 -0.01011 0.00358 0.00064 0.99994
1706352275.514301062 -0.29232 -0.00801 -0.26841 -0.01012 0.00374 0.00059 0.99994
1706352275.524301052 -0.29243 -0.00719 -0.26796 -0.01012 0.00389 0.00052 0.99994
1706352275.534301043 -0.29254 -0.00636 -0.26801 -0.01012 0.00404 0.00047 0.99994
1706352275.544301033 -0.29265 -0.00563 -0.26871 -0.01012 0.00416 0.00043 0.99994
1706352275.554301023 -0.29276 -0.00544 -0.26983 -0.01012 0.00423 0.00040 0.99994
1706352275.564301014 -0.29285 -0.00628 -0.27101 -0.01009 0.00422 0.00037 0.99994
1706352275.574301004 -0.29292 -0.00844 -0.27196 -0.01003 0.00409 0.00034 0.99994
1706352275.584300995 -0.29303 -0.01120 -0.27248 -0.00994 0.00392 0.00031 0.99994
1706352275.594300985 -0.29323 -0.01359 -0.27244 -0.00986 0.00378 0.00029 0.99994
1706352275.604300976 -0.29356 -0.01490 -0.27173 -0.00979 0.00372 0.00029 0.99995
1706352275.614300966 -0.29401 -0.01530 -0.27049 -0.00975 0.00373 0.00031 0.99995
1706352275.624300957 -0.29454 -0.01525 -0.26888 -0.00973 0.00375 0.00033 0.99995
1706352275.634300947 -0.29512 -0.01510 -0.26710 -0.00974 0.00376 0.00034 0.99995
1706352275.644300938 -0.29575 -0.01493 -0.26543 -0.00977 0.00375 0.00036 0.99995
1706352275.654300928 -0.29641 -0.01474 -0.26419 -0.00978 0.00375 0.00037 0.99995
1706352275.664300919 -0.29714 -0.01453 -0.26361 -0.00976 0.00377 0.00039 0.99995
1706352275.674300909 -0.29810 -0.01433 -0.26377 -0.00973 0.00378 0.00040 0.99995
1706352275.684300900 -0.29951 -0.01414 -0.26465 -0.00971 0.00376 0.00038 0.99995
1706352275.694300890 -0.30148 -0.01400 -0.26614 -0.00969 0.00369 0.00032 0.99995
1706352275.704300880 -0.30366 -0.01388 -0.26766 -0.00968 0.00359 0.00025 0.99995
1706352275.714301109 -0.30560 -0.01381 -0.26854 -0.00968 0.00350 0.00020 0.99995
1706352275.724301100 -0.30696 -0.01376 -0.26825 -0.00967 0.00347 0.00019 0.99995
1706352275.734301090 -0.30784 -0.01373 -0.26699 -0.00966 0.00346 0.00021 0.99995
1706352275.744301081 -0.30846 -0.01373 -0.26517 -0.00965 0.00347 0.00024 0.99995
1706352275.754301071 -0.30900 -0.01375 -0.26314 -0.00965 0.00347 0.00026 0.99995
1706352275.764301062 -0.30952 -0.01377 -0.26123 -0.00964 0.00348 0.00026 0.99995
1706352275.774301052 -0.31004 -0.01380 -0.25974 -0.00965 0.00348 0.00025 0.99995
1706352275.784301043 -0.31058 -0.01381 -0.25895 -0.00965 0.00349 0.00023 0.99995
1706352275.794301033 -0.31123 -0.01373 -0.25907 -0.00966 0.00347 0.00018 0.99995
1706352275.804301023 -0.31210 -0.01351 -0.26026 -0.00965 0.00340 0.00012 0.99995
1706352275.814301014 -0.31323 -0.01309 -0.26251 -0.00962 0.00325 0.00003 0.99995
1706352275.824301004 -0.31448 -0.01260 -0.26498 -0.00959 0.00308 -0.00008 0.99995
1706352275.834300995 -0.31566 -0.01221 -0.26662 -0.00958 0.00295 -0.00018 0.99995
1706352275.844300985 -0.31664 -0.01203 -0.26666 -0.00960 0.00291 -0.00027 0.99995
1706352275.854300976 -0.31744 -0.01203 -0.26539 -0.00962 0.00294 -0.00035 0.99995
1706352275.864300966 -0.31815 -0.01214 -0.26334 -0.00963 0.00300 -0.00043 0.99995
1706352275.874300957 -0.31882 -0.01230 -0.26101 -0.00961 0.00307 -0.00050 0.99995
1706352275.884300947 -0.31948 -0.01250 -0.25877 -0.00958 0.00314 -0.00058 0.99995
1706352275.894300938 -0.32014 -0.01273 -0.25693 -0.00957 0.00319 -0.00064 0.99995
1706352275.904300928 -0.32082 -0.01299 -0.25581 -0.00959 0.00321 -0.00071 0.99995
1706352275.914300919 -0.32165 -0.01326 -0.25557 -0.00964 0.00321 -0.00078 0.99995
1706352275.924300909 -0.32278 -0.01352 -0.25637 -0.00968 0.00317 -0.00086 0.99995
1706352275.934300900 -0.32429 -0.01376 -0.25820 -0.00971 0.00311 -0.00096 0.99995
1706352275.944300890 -0.32598 -0.01395 -0.26030 -0.00973 0.00303 -0.00106 0.99995
1706352275.954300880 -0.32759 -0.01408 -0.26174 -0.00973 0.00298 -0.00114 0.99995
1706352275.964301109 -0.32890 -0.01412 -0.26183 -0.00972 0.00296 -0.00116 0.99995
1706352275.974301100 -0.32997 -0.01408 -0.26084 -0.00970 0.00294 -0.00118 0.99995
1706352275.984301090 -0.33089 -0.01397 -0.25928 -0.00964 0.00284 -0.00121 0.99995
1706352275.994301081 -0.33174 -0.01380 -0.25762 -0.00956 0.00264 -0.00129 0.99995
1706352276.004301071 -0.33258 -0.01360 -0.25615 -0.00946 0.00236 -0.00142 0.99995
1706352276.014301062 -0.33342 -0.01338 -0.25511 -0.00940 0.00208 -0.00161 0.99995
1706352276.024301052 -0.33434 -0.01317 -0.25476 -0.00939 0.00185 -0.00184 0.99995
1706352276.034301043 -0.33551 -0.01302 -0.25533 -0.00942 0.00170 -0.00211 0.99995
1706352276.044301033 -0.33715 -0.01300 -0.25706 -0.00948 0.00167 -0.00242 0.99995
1706352276.054301023 -0.33936 -0.01312 -0.25996 -0.00955 0.00175 -0.00276 0.99995
1706352276.064301014 -0.34179 -0.01331 -0.26315 -0.00961 0.00190 -0.00313 0.99995
1706352276.074301004 -0.34395 -0.01342 -0.26552 -0.00965 0.00205 -0.00350 0.99995
1706352276.084300995 -0.34550 -0.01338 -0.26625 -0.00966 0.00215 -0.00385 0.99994
1706352276.094300985 -0.34654 -0.01322 -0.26566 -0.00968 0.00220 -0.00421 0.99994
1706352276.104300976 -0.34730 -0.01301 -0.26436 -0.00972 0.00224 -0.00456 0.99994
1706352276.114300966 -0.34795 -0.01282 -0.26291 -0.00981 0.00228 -0.00492 0.99994
1706352276.124300957 -0.34856 -0.01263 -0.26162 -0.00990 0.00233 -0.00528 0.99993
1706352276.134300947 -0.34914 -0.01241 -0.26079 -0.00995 0.00239 -0.00565 0.99993
1706352276.144300938 -0.34973 -0.01218 -0.26062 -0.00992 0.00244 -0.00603 0.99993
1706352276.154300928 -0.35032 -0.01216 -0.26107 -0.00983 0.00247 -0.00643 0.99993
1706352276.164300919 -0.35090 -0.01259 -0.26205 -0.00971 0.00249 -0.00684 0.99993
1706352276.174300909 -0.35148 -0.01361 -0.26339 -0.00961 0.00248 -0.00729 0.99992
1706352276.184300900 -0.35208 -0.01485 -0.26463 -0.00951 0.00246 -0.00776 0.99992
1706352276.194300890 -0.35271 -0.01581 -0.26526 -0.00943 0.00245 -0.00824 0.99992
1706352276.204300880 -0.35341 -0.01611 -0.26489 -0.00934 0.00247 -0.00873 0.99992
1706352276.214301109 -0.35417 -0.01586 -0.26371 -0.00924 0.00251 -0.00924 0.99991
1706352276.224301100 -0.35502 -0.01526 -0.26207 -0.00912 0.00256 -0.00978 0.99991
1706352276.234301090 -0.35594 -0.01451 -0.26029 -0.00898 0.00261 -0.01036 0.99990
1706352276.244301081 -0.35690 -0.01369 -0.25868 -0.00886 0.00265 -0.01095 0.99990
1706352276.254301071 -0.35788 -0.01286 -0.25752 -0.00880 0.00264 -0.01156 0.99989
1706352276.264301062 -0.35891 -0.01213 -0.25712 -0.00883 0.00257 -0.01216 0.99988
1706352276.274301052 -0.36030 -0.01174 -0.25784 -0.00892 0.00251 -0.01278 0.99988
1706352276.284301043 -0.36243 -0.01197 -0.26008 -0.00902 0.00253 -0.01345 0.99987
1706352276.294301033 -0.36547 -0.01298 -0.26389 -0.00910 0.00269 -0.01419 0.99985
1706352276.304301023 -0.36887 -0.01430 -0.26807 -0.00915 0.00291 -0.01497 0.99984
1706352276.314301014 -0.37187 -0.01537 -0.27113 -0.00919 0.00309 -0.01576 0.99983
1706352276.324301004 -0.37390 -0.01572 -0.27192 -0.00925 0.00317 -0.01653 0.99982
1706352276.334300995 -0.37515 -0.01548 -0.27083 -0.00930 0.00316 -0.01729 0.99980
1706352276.344300985 -0.37601 -0.01487 -0.26862 -0.00934 0.00313 -0.01804 0.99979
1706352276.354300976 -0.37679 -0.01413 -0.26599 -0.00935 0.00311 -0.01878 0.99978
1706352276.364300966 -0.37756 -0.01330 -0.26338 -0.00933 0.00310 -0.01952 0.99976
1706352276.374300957 -0.37832 -0.01241 -0.26113 -0.00929 0.00305 -0.02030 0.99975
1706352276.384300947 -0.37909 -0.01149 -0.25954 -0.00922 0.00296 -0.02110 0.99973
1706352276.394300938 -0.38010 -0.01059 -0.25858 -0.00910 0.00282 -0.02193 0.99971
1706352276.404300928 -0.38159 -0.00978 -0.25818 -0.00894 0.00267 -0.02276 0.99970
1706352276.414300919 -0.38369 -0.00910 -0.25815 -0.00872 0.00251 -0.02356 0.99968
1706352276.424300909 -0.38599 -0.00861 -0.25799 -0.00851 0.00235 -0.02433 0.99967
1706352276.434300900 -0.38797 -0.00833 -0.25712 -0.00836 0.00217 -0.02505 0.99965
1706352276.444300890 -0.38924 -0.00828 -0.25515 -0.00834 0.00199 -0.02572 0.99963
1706352276.454300880 -0.38995 -0.00840 -0.25251 -0.00841 0.00183 -0.02636 0.99962
1706352276.464301109 -0.39040 -0.00859 -0.24984 -0.00854 0.00171 -0.02699 0.99960
1706352276.474301100 -0.39084 -0.00879 -0.24765 -0.00868 0.00168 -0.02764 0.99958
1706352276.484301090 -0.39130 -0.00896 -0.24608 -0.00878 0.00169 -0.02830 0.99956
1706352276.494301081 -0.39178 -0.00907 -0.24517 -0.00880 0.00171 -0.02898 0.99954
1706352276.504301071 -0.39233 -0.00910 -0.24501 -0.00872 0.00173 -0.02968 0.99952
1706352276.514301062 -0.39332 -0.00893 -0.24588 -0.00860 0.00173 -0.03042 0.99950
1706352276.524301052 -0.39519 -0.00844 -0.24811 -0.00853 0.00176 -0.03122 0.99947
1706352276.534301043 -0.39816 -0.00757 -0.25174 -0.00857 0.00182 -0.03211 0.99945
1706352276.544301033 -0.40153 -0.00645 -0.25570 -0.00865 0.00188 -0.03302 0.99942
1706352276.554301023 -0.40440 -0.00526 -0.25858 -0.00867 0.00191 -0.03392 0.99939
1706352276.564301014 -0.40606 -0.00413 -0.25939 -0.00857 0.00189 -0.03475 0.99936
1706352276.574301004 -0.40673 -0.00309 -0.25851 -0.00840 0.00182 -0.03552 0.99933
1706352276.584300995 -0.40682 -0.00210 -0.25674 -0.00828 0.00173 -0.03625 0.99931
1706352276.594300985 -0.40670 -0.00115 -0.25476 -0.00827 0.00163 -0.03695 0.99928
1706352276.604300976 -0.40647 -0.00020 -0.25292 -0.00834 0.00152 -0.03765 0.99926
1706352276.614300966 -0.40620 0.00078 -0.25152 -0.00842 0.00140 -0.03838 0.99923
1706352276.624300957 -0.40602 0.00177 -0.25083 -0.00845 0.00126 -0.03917 0.99920
1706352276.634300947 -0.40651 0.00250 -0.25124 -0.00847 0.00120 -0.04004 0.99916
1706352276.644300938 -0.40837 0.00264 -0.25312 -0.00850 0.00130 -0.04102 0.99912
1706352276.654300928 -0.41195 0.00203 -0.25655 -0.00859 0.00161 -0.04210 0.99907
1706352276.664300919 -0.41636 0.00102 -0.26041 -0.00870 0.00204 -0.04325 0.99902
1706352276.674300909 -0.42040 0.00014 -0.26327 -0.00881 0.00244 -0.04438 0.99897
1706352276.684300900 -0.42315 -0.00023 -0.26407 -0.00887 0.00270 -0.04545 0.99892
1706352276.694300890 -0.42483 -0.00016 -0.26322 -0.00884 0.00283 -0.04647 0.99888
1706352276.704300880 -0.42594 0.00015 -0.26150 -0.00868 0.00285 -0.04746 0.99883
1706352276.714301109 -0.42691 0.00051 -0.25960 -0.00839 0.00281 -0.04843 0.99879
1706352276.724301100 -0.42785 0.00083 -0.25786 -0.00811 0.00273 -0.04938 0.99874
1706352276.734301090 -0.42878 0.00101 -0.25653 -0.00802 0.00264 -0.05027 0.99870
1706352276.744301081 -0.42972 0.00098 -0.25576 -0.00825 0.00254 -0.05109 0.99866
1706352276.754301071 -0.43061 0.00071 -0.25524 -0.00867 0.00238 -0.05188 0.99861
1706352276.764301062 -0.43135 0.00019 -0.25455 -0.00909 0.00207 -0.05267 0.99857
1706352276.774301052 -0.43190 -0.00053 -0.25336 -0.00937 0.00159 -0.05348 0.99852
1706352276.784301043 -0.43229 -0.00122 -0.25173 -0.00949 0.00104 -0.05432 0.99848
1706352276.794301033 -0.43261 -0.00160 -0.24982 -0.00949 0.00054 -0.05519 0.99843
1706352276.804301023 -0.43290 -0.00145 -0.24782 -0.00939 0.00019 -0.05607 0.99838
1706352276.814301014 -0.43319 -0.00087 -0.24592 -0.00922 -0.00003 -0.05699 0.99833
1706352276.824301004 -0.43345 -0.00006 -0.24436 -0.00899 -0.00022 -0.05793 0.99828
1706352276.834300995 -0.43368 0.00084 -0.24332 -0.00873 -0.00041 -0.05889 0.99823
1706352276.844300985 -0.43393 0.00174 -0.24286 -0.00849 -0.00059 -0.05986 0.99817
1706352276.854300976 -0.43421 0.00257 -0.24298 -0.00837 -0.00068 -0.06080 0.99811
1706352276.864300966 -0.43467 0.00329 -0.24367 -0.00839 -0.00065 -0.06170 0.99806
1706352276.874300957 -0.43573 0.00384 -0.24484 -0.00850 -0.00053 -0.06258 0.99800
1706352276.884300947 -0.43792 0.00416 -0.24635 -0.00857 -0.00038 -0.06349 0.99795
1706352276.894300938 -0.44149 0.00426 -0.24802 -0.00854 -0.00023 -0.06448 0.99788
1706352276.904300928 -0.44565 0.00423 -0.24935 -0.00845 -0.00012 -0.06550 0.99782
1706352276.914300919 -0.44931 0.00424 -0.24976 -0.00840 -0.00008 -0.06651 0.99775
1706352276.924300909 -0.45169 0.00439 -0.24887 -0.00844 -0.00011 -0.06748 0.99769
1706352276.934300900 -0.45302 0.00470 -0.24704 -0.00853 -0.00021 -0.06842 0.99762
1706352276.944300890 -0.45381 0.00513 -0.24484 -0.00860 -0.00034 -0.06937 0.99755
1706352276.954300880 -0.45449 0.00566 -0.24276 -0.00858 -0.00048 -0.07035 0.99749
1706352276.964301109 -0.45516 0.00627 -0.24103 -0.00847 -0.00062 -0.07136 0.99741
1706352276.974301100 -0.45581 0.00695 -0.23981 -0.00827 -0.00077 -0.07239 0.99734
1706352276.984301090 -0.45654 0.00768 -0.23926 -0.00800 -0.00092 -0.07342 0.99727
1706352276.994301081 -0.45771 0.00842 -0.23949 -0.00777 -0.00104 -0.07445 0.99719
1706352277.004301071 -0.45978 0.00910 -0.24062 -0.00769 -0.00106 -0.07546 0.99712
1706352277.014301062 -0.46298 0.00968 -0.24257 -0.00785 -0.00095 -0.07643 0.99704
1706352277.024301052 -0.46660 0.01020 -0.24449 -0.00816 -0.00077 -0.07738 0.99697
1706352277.034301043 -0.46973 0.01071 -0.24535 -0.00848 -0.00060 -0.07833 0.99689
1706352277.044301033 -0.47167 0.01126 -0.24442 -0.00870 -0.00051 -0.07929 0.99681
1706352277.054301023 -0.47265 0.01188 -0.24230 -0.00878 -0.00049 -0.08028 0.99673
1706352277.064301014 -0.47312 0.01261 -0.23987 -0.00867 -0.00054 -0.08128 0.99665
1706352277.074301004 -0.47347 0.01346 -0.23788 -0.00836 -0.00066 -0.08233 0.99657
1706352277.084300995 -0.47379 0.01438 -0.23650 -0.00794 -0.00083 -0.08339 0.99648
1706352277.094300985 -0.47409 0.01532 -0.23575 -0.00751 -0.00103 -0.08447 0.99640
1706352277.104300976 -0.47454 0.01622 -0.23567 -0.00717 -0.00123 -0.08555 0.99631
1706352277.114300966 -0.47587 0.01693 -0.23641 -0.00700 -0.00134 -0.08664 0.99621
1706352277.124300957 -0.47896 0.01732 -0.23815 -0.00709 -0.00127 -0.08773 0.99612
1706352277.134300947 -0.48425 0.01732 -0.24084 -0.00746 -0.00094 -0.08883 0.99602
1706352277.144300938 -0.49053 0.01721 -0.24350 -0.00796 -0.00049 -0.08993 0.99592
1706352277.154300928 -0.49613 0.01735 -0.24493 -0.00840 -0.00009 -0.09102 0.99581
1706352277.164300919 -0.49981 0.01800 -0.24430 -0.00861 0.00013 -0.09209 0.99571
1706352277.174300909 -0.50194 0.01909 -0.24226 -0.00860 0.00018 -0.09316 0.99561
1706352277.184300900 -0.50326 0.02043 -0.23982 -0.00843 0.00012 -0.09424 0.99551
1706352277.194300890 -0.50443 0.02187 -0.23781 -0.00814 0.00000 -0.09534 0.99541
1706352277.204300880 -0.50557 0.02334 -0.23641 -0.00782 -0.00014 -0.09645 0.99531
1706352277.214301109 -0.50672 0.02479 -0.23561 -0.00754 -0.00029 -0.09753 0.99520
1706352277.224301100 -0.50793 0.02609 -0.23544 -0.00734 -0.00040 -0.09857 0.99510
1706352277.234301090 -0.50937 0.02683 -0.23605 -0.00725 -0.00053 -0.09959 0.99500
1706352277.244301081 -0.51121 0.02649 -0.23760 -0.00725 -0.00072 -0.10063 0.99490
1706352277.254301071 -0.51356 0.02481 -0.24003 -0.00734 -0.00101 -0.10172 0.99479
1706352277.264301062 -0.51611 0.02249 -0.24245 -0.00752 -0.00132 -0.10283 0.99467
1706352277.274301052 -0.51846 0.02043 -0.24373 -0.00779 -0.00156 -0.10394 0.99455
1706352277.284301043 -0.52029 0.01937 -0.24310 -0.00811 -0.00167 -0.10503 0.99443
1706352277.294301033 -0.52170 0.01918 -0.24116 -0.00836 -0.00169 -0.10612 0.99432
1706352277.304301023 -0.52286 0.01954 -0.23885 -0.00838 -0.00171 -0.10723 0.99420
1706352277.314301014 -0.52392 0.02015 -0.23696 -0.00808 -0.00179 -0.10837 0.99408
1706352277.324301004 -0.52494 0.02088 -0.23568 -0.00761 -0.00192 -0.10953 0.99395
1706352277.334300995 -0.52594 0.02159 -0.23502 -0.00720 -0.00209 -0.11068 0.99383
1706352277.344300985 -0.52705 0.02223 -0.23507 -0.00700 -0.00227 -0.11182 0.99370
1706352277.354300976 -0.52878 0.02306 -0.23622 -0.00701 -0.00233 -0.11295 0.99357
1706352277.364300966 -0.53176 0.02439 -0.23889 -0.00716 -0.00210 -0.11407 0.99345
1706352277.374300957 -0.53631 0.02640 -0.24320 -0.00737 -0.00150 -0.11519 0.99332
1706352277.384300947 -0.54160 0.02873 -0.24796 -0.00762 -0.00074 -0.11630 0.99318
1706352277.394300938 -0.54648 0.03089 -0.25165 -0.00786 -0.00008 -0.11739 0.99305
1706352277.404300928 -0.55011 0.03251 -0.25314 -0.00805 0.00028 -0.11845 0.99293
1706352277.414300919 -0.55275 0.03373 -0.25290 -0.00813 0.00042 -0.11948 0.99280
1706352277.424300909 -0.55490 0.03484 -0.25178 -0.00806 0.00049 -0.12052 0.99268
1706352277.434300900 -0.55700 0.03606 -0.25054 -0.00780 0.00060 -0.12157 0.99255
1706352277.444300890 -0.55909 0.03732 -0.24954 -0.00749 0.00067 -0.12261 0.99243
1706352277.454300880 -0.56114 0.03854 -0.24906 -0.00728 0.00061 -0.12362 0.99230
1706352277.464301109 -0.56312 0.03959 -0.24931 -0.00728 0.00033 -0.12458 0.99218
1706352277.474301100 -0.56519 0.04039 -0.25025 -0.00749 -0.00008 -0.12553 0.99206
1706352277.484301090 -0.56754 0.04088 -0.25182 -0.00783 -0.00048 -0.12650 0.99194
1706352277.494301081 -0.57027 0.04100 -0.25385 -0.00825 -0.00077 -0.12754 0.99180
1706352277.504301071 -0.57318 0.04094 -0.25580 -0.00865 -0.00095 -0.12864 0.99165
1706352277.514301062 -0.57596 0.04090 -0.25702 -0.00893 -0.00105 -0.12980 0.99150
1706352277.524301052 -0.57838 0.04106 -0.25707 -0.00899 -0.00110 -0.13101 0.99134
1706352277.534301043 -0.58049 0.04144 -0.25621 -0.00878 -0.00115 -0.13229 0.99117
1706352277.544301033 -0.58237 0.04202 -0.25486 -0.00821 -0.00123 -0.13364 0.99099
1706352277.554301023 -0.58412 0.04273 -0.25345 -0.00731 -0.00139 -0.13508 0.99081
1706352277.564301014 -0.58582 0.04338 -0.25220 -0.00643 -0.00159 -0.13654 0.99061
1706352277.574301004 -0.58755 0.04377 -0.25134 -0.00600 -0.00175 -0.13795 0.99042
1706352277.584300995 -0.58940 0.04377 -0.25103 -0.00631 -0.00182 -0.13926 0.99023
1706352277.594300985 -0.59142 0.04368 -0.25129 -0.00708 -0.00180 -0.14050 0.99005
1706352277.604300976 -0.59366 0.04387 -0.25208 -0.00786 -0.00171 -0.14172 0.98987
1706352277.614300966 -0.59612 0.04463 -0.25328 -0.00831 -0.00155 -0.14296 0.98969
1706352277.624300957 -0.59861 0.04579 -0.25432 -0.00833 -0.00139 -0.14424 0.98951
1706352277.634300947 -0.60089 0.04706 -0.25453 -0.00795 -0.00130 -0.14557 0.98932
1706352277.644300938 -0.60280 0.04819 -0.25345 -0.00722 -0.00135 -0.14693 0.98912
1706352277.654300928 -0.60446 0.04906 -0.25151 -0.00648 -0.00147 -0.14829 0.98892
1706352277.664300919 -0.60606 0.04956 -0.24936 -0.00614 -0.00157 -0.14956 0.98873
1706352277.674300909 -0.60775 0.04965 -0.24755 -0.00646 -0.00158 -0.15071 0.98856
1706352277.684300900 -0.60951 0.04954 -0.24621 -0.00717 -0.00153 -0.15180 0.98838
1706352277.694300890 -0.61127 0.04948 -0.24540 -0.00785 -0.00144 -0.15291 0.98821
1706352277.704300880 -0.61299 0.04965 -0.24516 -0.00818 -0.00136 -0.15410 0.98802
1706352277.714301109 -0.61465 0.05006 -0.24553 -0.00822 -0.00130 -0.15538 0.98782
1706352277.724301100 -0.61623 0.05064 -0.24657 -0.00811 -0.00128 -0.15673 0.98761
1706352277.734301090 -0.61772 0.05133 -0.24818 -0.00796 -0.00132 -0.15812 0.98739
1706352277.744301081 -0.61914 0.05206 -0.24973 -0.00778 -0.00140 -0.15954 0.98716
1706352277.754301071 -0.62048 0.05275 -0.25048 -0.00755 -0.00150 -0.16095 0.98693
1706352277.764301062 -0.62175 0.05333 -0.24989 -0.00726 -0.00160 -0.16233 0.98671
1706352277.774301052 -0.62300 0.05377 -0.24837 -0.00704 -0.00164 -0.16368 0.98649
1706352277.784301043 -0.62430 0.05403 -0.24654 -0.00703 -0.00159 -0.16498 0.98627
1706352277.794301033 -0.62569 0.05411 -0.24495 -0.00732 -0.00140 -0.16624 0.98606
1706352277.804301023 -0.62712 0.05412 -0.24380 -0.00774 -0.00116 -0.16748 0.98584
1706352277.814301014 -0.62851 0.05420 -0.24319 -0.00805 -0.00095 -0.16876 0.98562
1706352277.824301004 -0.62981 0.05446 -0.24322 -0.00808 -0.00085 -0.17011 0.98539
1706352277.834300995 -0.63106 0.05493 -0.24390 -0.00786 -0.00081 -0.17156 0.98514
1706352277.844300985 -0.63231 0.05563 -0.24521 -0.00746 -0.00080 -0.17311 0.98487
1706352277.854300976 -0.63359 0.05652 -0.24703 -0.00697 -0.00077 -0.17478 0.98458
1706352277.864300966 -0.63492 0.05743 -0.24873 -0.00650 -0.00077 -0.17648 0.98428
1706352277.874300957 -0.63627 0.05813 -0.24954 -0.00617 -0.00086 -0.17812 0.98399
1706352277.884300947 -0.63765 0.05847 -0.24894 -0.00607 -0.00107 -0.17964 0.98371
1706352277.894300938 -0.63907 0.05849 -0.24740 -0.00624 -0.00133 -0.18106 0.98345
1706352277.904300928 -0.64056 0.05829 -0.24562 -0.00669 -0.00154 -0.18245 0.98319
1706352277.914300919 -0.64214 0.05799 -0.24420 -0.00739 -0.00162 -0.18385 0.98293
1706352277.924300909 -0.64377 0.05769 -0.24326 -0.00815 -0.00156 -0.18528 0.98265
1706352277.934300900 -0.64544 0.05753 -0.24280 -0.00870 -0.00140 -0.18675 0.98237
1706352277.944300890 -0.64707 0.05763 -0.24280 -0.00887 -0.00117 -0.18826 0.98208
1706352277.954300880 -0.64855 0.05809 -0.24312 -0.00870 -0.00097 -0.18981 0.98178
1706352277.964301109 -0.64975 0.05902 -0.24357 -0.00831 -0.00091 -0.19137 0.98148
1706352277.974301100 -0.65058 0.06044 -0.24399 -0.00782 -0.00107 -0.19294 0.98118
1706352277.984301090 -0.65120 0.06202 -0.24420 -0.00735 -0.00137 -0.19449 0.98088
1706352277.994301081 -0.65184 0.06336 -0.24404 -0.00703 -0.00170 -0.19598 0.98058
1706352278.004301071 -0.65265 0.06417 -0.24342 -0.00697 -0.00195 -0.19741 0.98029
1706352278.014301062 -0.65363 0.06455 -0.24254 -0.00711 -0.00211 -0.19878 0.98002
1706352278.024301052 -0.65472 0.06473 -0.24169 -0.00735 -0.00217 -0.20012 0.97974
1706352278.034301043 -0.65585 0.06488 -0.24110 -0.00762 -0.00215 -0.20145 0.97947
1706352278.044301033 -0.65699 0.06508 -0.24090 -0.00784 -0.00206 -0.20280 0.97919
1706352278.054301023 -0.65812 0.06535 -0.24120 -0.00796 -0.00196 -0.20420 0.97890
1706352278.064301014 -0.65922 0.06576 -0.24204 -0.00794 -0.00187 -0.20565 0.97859
1706352278.074301004 -0.66031 0.06634 -0.24332 -0.00783 -0.00183 -0.20717 0.97827
1706352278.084300995 -0.66141 0.06718 -0.24491 -0.00767 -0.00188 -0.20872 0.97794
1706352278.094300985 -0.66256 0.06828 -0.24662 -0.00751 -0.00202 -0.21029 0.97761
1706352278.104300976 -0.66369 0.06942 -0.24800 -0.00737 -0.00220 -0.21188 0.97727
1706352278.114300966 -0.66475 0.07034 -0.24855 -0.00724 -0.00233 -0.21347 0.97692
1706352278.124300957 -0.66568 0.07085 -0.24797 -0.00715 -0.00238 -0.21506 0.97657
1706352278.134300947 -0.66650 0.07100 -0.24668 -0.00710 -0.00239 -0.21664 0.97622
1706352278.144300938 -0.66724 0.07094 -0.24531 -0.00712 -0.00243 -0.21820 0.97587
1706352278.154300928 -0.66794 0.07079 -0.24438 -0.00723 -0.00254 -0.21974 0.97553
1706352278.164300919 -0.66861 0.07061 -0.24398 -0.00742 -0.00270 -0.22127 0.97518
1706352278.174300909 -0.66929 0.07041 -0.24410 -0.00767 -0.00284 -0.22282 0.97483
1706352278.184300900 -0.66997 0.07025 -0.24469 -0.00793 -0.00292 -0.22440 0.97446
1706352278.194300890 -0.67064 0.07028 -0.24551 -0.00815 -0.00294 -0.22601 0.97409
1706352278.204300880 -0.67122 0.07067 -0.24626 -0.00825 -0.00294 -0.22764 0.97371
1706352278.214301109 -0.67168 0.07149 -0.24670 -0.00819 -0.00295 -0.22927 0.97332
1706352278.224301100 -0.67204 0.07246 -0.24677 -0.00803 -0.00295 -0.23092 0.97294
1706352278.234301090 -0.67233 0.07319 -0.24644 -0.00786 -0.00295 -0.23257 0.97254
1706352278.244301081 -0.67258 0.07339 -0.24574 -0.00774 -0.00294 -0.23424 0.97214
1706352278.254301071 -0.67281 0.07318 -0.24490 -0.00766 -0.00289 -0.23592 0.97174
1706352278.264301062 -0.67302 0.07277 -0.24417 -0.00759 -0.00280 -0.23759 0.97133
1706352278.274301052 -0.67325 0.07232 -0.24378 -0.00750 -0.00265 -0.23924 0.97093
1706352278.284301043 -0.67347 0.07188 -0.24384 -0.00737 -0.00248 -0.24089 0.97052
1706352278.294301033 -0.67367 0.07147 -0.24440 -0.00720 -0.00233 -0.24255 0.97011
1706352278.304301023 -0.67382 0.07113 -0.24548 -0.00700 -0.00222 -0.24420 0.96970
1706352278.314301014 -0.67392 0.07107 -0.24685 -0.00682 -0.00216 -0.24587 0.96928
1706352278.324301004 -0.67395 0.07151 -0.24820 -0.00675 -0.00214 -0.24754 0.96885
1706352278.334300995 -0.67391 0.07260 -0.24926 -0.00685 -0.00213 -0.24921 0.96842
1706352278.344300985 -0.67382 0.07402 -0.24988 -0.00702 -0.00214 -0.25088 0.96799
1706352278.354300976 -0.67368 0.07535 -0.24989 -0.00714 -0.00215 -0.25254 0.96756
1706352278.364300966 -0.67350 0.07627 -0.24923 -0.00713 -0.00214 -0.25418 0.96713
1706352278.374300957 -0.67330 0.07685 -0.24805 -0.00704 -0.00215 -0.25582 0.96670
1706352278.384300947 -0.67307 0.07726 -0.24657 -0.00697 -0.00218 -0.25747 0.96626
1706352278.394300938 -0.67282 0.07764 -0.24503 -0.00699 -0.00227 -0.25913 0.96581
1706352278.404300928 -0.67256 0.07802 -0.24360 -0.00708 -0.00237 -0.26081 0.96536
1706352278.414300919 -0.67232 0.07843 -0.24249 -0.00719 -0.00244 -0.26250 0.96490
1706352278.424300909 -0.67210 0.07885 -0.24184 -0.00731 -0.00244 -0.26420 0.96444
1706352278.434300900 -0.67189 0.07927 -0.24172 -0.00740 -0.00241 -0.26592 0.96397
1706352278.444300890 -0.67164 0.07963 -0.24214 -0.00745 -0.00241 -0.26765 0.96349
1706352278.454300880 -0.67135 0.07989 -0.24304 -0.00747 -0.00245 -0.26940 0.96300
1706352278.464301109 -0.67099 0.08000 -0.24396 -0.00745 -0.00252 -0.27116 0.96250
1706352278.474301100 -0.67055 0.07990 -0.24435 -0.00742 -0.00254 -0.27293 0.96200
1706352278.484301090 -0.67004 0.07956 -0.24381 -0.00738 -0.00250 -0.27468 0.96150
1706352278.494301081 -0.66944 0.07902 -0.24256 -0.00729 -0.00245 -0.27642 0.96101
1706352278.504301071 -0.66874 0.07835 -0.24097 -0.00709 -0.00246 -0.27815 0.96051
1706352278.514301062 -0.66792 0.07761 -0.23937 -0.00677 -0.00259 -0.27986 0.96001
1706352278.524301052 -0.66706 0.07678 -0.23796 -0.00645 -0.00278 -0.28156 0.95952
1706352278.534301043 -0.66622 0.07585 -0.23691 -0.00629 -0.00293 -0.28326 0.95902
1706352278.544301033 -0.66551 0.07488 -0.23641 -0.00640 -0.00300 -0.28497 0.95851
1706352278.554301023 -0.66517 0.07425 -0.23678 -0.00667 -0.00297 -0.28667 0.95800
1706352278.564301014 -0.66548 0.07443 -0.23835 -0.00694 -0.00286 -0.28836 0.95749
1706352278.574301004 -0.66657 0.07568 -0.24120 -0.00708 -0.00270 -0.29003 0.95699
1706352278.584300995 -0.66800 0.07746 -0.24441 -0.00710 -0.00252 -0.29171 0.95648
1706352278.594300985 -0.66921 0.07899 -0.24678 -0.00704 -0.00237 -0.29341 0.95596
1706352278.604300976 -0.66976 0.07972 -0.24745 -0.00693 -0.00230 -0.29516 0.95542
1706352278.614300966 -0.66976 0.07975 -0.24676 -0.00685 -0.00230 -0.29694 0.95487
1706352278.624300957 -0.66950 0.07939 -0.24535 -0.00686 -0.00236 -0.29876 0.95430
1706352278.634300947 -0.66918 0.07891 -0.24381 -0.00702 -0.00248 -0.30060 0.95372
1706352278.644300938 -0.66886 0.07840 -0.24237 -0.00723 -0.00259 -0.30246 0.95313
1706352278.654300928 -0.66855 0.07794 -0.24121 -0.00735 -0.00267 -0.30431 0.95254
1706352278.664300919 -0.66826 0.07757 -0.24049 -0.00730 -0.00266 -0.30614 0.95195
1706352278.674300909 -0.66803 0.07733 -0.24030 -0.00712 -0.00260 -0.30796 0.95137
1706352278.684300900 -0.66790 0.07722 -0.24075 -0.00689 -0.00250 -0.30978 0.95078
1706352278.694300890 -0.66788 0.07723 -0.24182 -0.00668 -0.00240 -0.31161 0.95018
1706352278.704300880 -0.66793 0.07723 -0.24305 -0.00653 -0.00231 -0.31344 0.94958
1706352278.714301109 -0.66800 0.07707 -0.24387 -0.00649 -0.00223 -0.31525 0.94898
1706352278.724301100 -0.66803 0.07665 -0.24388 -0.00657 -0.00216 -0.31704 0.94839
1706352278.734301090 -0.66801 0.07605 -0.24331 -0.00671 -0.00212 -0.31882 0.94779
1706352278.744301081 -0.66796 0.07537 -0.24254 -0.00684 -0.00212 -0.32061 0.94719
1706352278.754301071 -0.66788 0.07471 -0.24192 -0.00690 -0.00217 -0.32240 0.94658
1706352278.764301062 -0.66777 0.07408 -0.24161 -0.00689 -0.00224 -0.32422 0.94595
1706352278.774301052 -0.66766 0.07350 -0.24172 -0.00685 -0.00230 -0.32607 0.94532
1706352278.784301043 -0.66752 0.07302 -0.24226 -0.00680 -0.00235 -0.32795 0.94467
1706352278.794301033 -0.66735 0.07297 -0.24290 -0.00677 -0.00238 -0.32986 0.94400
1706352278.804301023 -0.66709 0.07375 -0.24323 -0.00676 -0.00239 -0.33177 0.94333
1706352278.814301014 -0.66673 0.07557 -0.24293 -0.00678 -0.00238 -0.33367 0.94266
1706352278.824301004 -0.66631 0.07786 -0.24219 -0.00681 -0.00237 -0.33556 0.94199
1706352278.834300995 -0.66591 0.07984 -0.24132 -0.00682 -0.00237 -0.33746 0.94131
1706352278.844300985 -0.66556 0.08092 -0.24056 -0.00681 -0.00239 -0.33938 0.94062
1706352278.854300976 -0.66526 0.08128 -0.24004 -0.00678 -0.00246 -0.34131 0.93992
1706352278.864300966 -0.66496 0.08126 -0.23983 -0.00675 -0.00256 -0.34325 0.93922
1706352278.874300957 -0.66466 0.08117 -0.24000 -0.00675 -0.00269 -0.34519 0.93850
1706352278.884300947 -0.66436 0.08107 -0.24059 -0.00680 -0.00283 -0.34713 0.93779
1706352278.894300938 -0.66410 0.08095 -0.24162 -0.00689 -0.00292 -0.34905 0.93707
1706352278.904300928 -0.66389 0.08083 -0.24303 -0.00704 -0.00294 -0.35094 0.93637
1706352278.914300919 -0.66367 0.08084 -0.24445 -0.00719 -0.00292 -0.35282 0.93566
1706352278.924300909 -0.66338 0.08116 -0.24541 -0.00727 -0.00292 -0.35472 0.93494
1706352278.934300900 -0.66298 0.08185 -0.24556 -0.00725 -0.00297 -0.35664 0.93421
1706352278.944300890 -0.66254 0.08270 -0.24506 -0.00718 -0.00304 -0.35858 0.93347
1706352278.954300880 -0.66217 0.08339 -0.24417 -0.00716 -0.00309 -0.36050 0.93273
1706352278.964301109 -0.66192 0.08371 -0.24313 -0.00724 -0.00309 -0.36239 0.93199
1706352278.974301100 -0.66178 0.08373 -0.24210 -0.00737 -0.00304 -0.36425 0.93127
1706352278.984301090 -0.66170 0.08363 -0.24120 -0.00750 -0.00297 -0.36610 0.93054
1706352278.994301081 -0.66161 0.08353 -0.24056 -0.00755 -0.00291 -0.36794 0.92981
1706352279.004301071 -0.66152 0.08346 -0.24026 -0.00756 -0.00285 -0.36978 0.92908
1706352279.014301062 -0.66142 0.08340 -0.24038 -0.00755 -0.00280 -0.37164 0.92834
1706352279.024301052 -0.66130 0.08336 -0.24095 -0.00754 -0.00273 -0.37351 0.92759
1706352279.034301043 -0.66108 0.08338 -0.24179 -0.00750 -0.00267 -0.37540 0.92683
1706352279.044301033 -0.66066 0.08351 -0.24267 -0.00737 -0.00264 -0.37730 0.92606
1706352279.054301023 -0.65997 0.08378 -0.24337 -0.00714 -0.00262 -0.37922 0.92527
1706352279.064301014 -0.65918 0.08404 -0.24372 -0.00686 -0.00262 -0.38114 0.92449
1706352279.074301004 -0.65850 0.08412 -0.24358 -0.00665 -0.00259 -0.38303 0.92371
1706352279.084300995 -0.65807 0.08388 -0.24287 -0.00657 -0.00252 -0.38488 0.92294
1706352279.094300985 -0.65785 0.08338 -0.24180 -0.00661 -0.00242 -0.38672 0.92217
1706352279.104300976 -0.65775 0.08275 -0.24063 -0.00673 -0.00231 -0.38854 0.92140
1706352279.114300966 -0.65767 0.08207 -0.23963 -0.00688 -0.00221 -0.39038 0.92062
1706352279.124300957 -0.65758 0.08139 -0.23892 -0.00701 -0.00214 -0.39224 0.91983
1706352279.134300947 -0.65747 0.08075 -0.23859 -0.00709 -0.00208 -0.39412 0.91903
1706352279.144300938 -0.65731 0.08021 -0.23872 -0.00708 -0.00207 -0.39602 0.91821
1706352279.154300928 -0.65710 0.08006 -0.23926 -0.00702 -0.00211 -0.39792 0.91739
1706352279.164300919 -0.65682 0.08062 -0.24015 -0.00693 -0.00222 -0.39979 0.91658
1706352279.174300909 -0.65648 0.08206 -0.24125 -0.00687 -0.00240 -0.40163 0.91577
1706352279.184300900 -0.65612 0.08392 -0.24223 -0.00681 -0.00259 -0.40345 0.91497
1706352279.194300890 -0.65578 0.08558 -0.24267 -0.00672 -0.00269 -0.40527 0.91417
1706352279.204300880 -0.65549 0.08655 -0.24230 -0.00659 -0.00264 -0.40711 0.91335
1706352279.214301109 -0.65522 0.08696 -0.24134 -0.00642 -0.00254 -0.40896 0.91253
1706352279.224301100 -0.65490 0.08708 -0.24011 -0.00619 -0.00250 -0.41081 0.91169
1706352279.234301090 -0.65451 0.08712 -0.23893 -0.00594 -0.00262 -0.41266 0.91086
1706352279.244301081 -0.65410 0.08712 -0.23795 -0.00575 -0.00282 -0.41449 0.91003
1706352279.254301071 -0.65374 0.08705 -0.23731 -0.00570 -0.00298 -0.41629 0.90921
1706352279.264301062 -0.65352 0.08692 -0.23708 -0.00588 -0.00301 -0.41807 0.90839
1706352279.274301052 -0.65342 0.08683 -0.23722 -0.00617 -0.00294 -0.41985 0.90757
1706352279.284301043 -0.65346 0.08691 -0.23762 -0.00643 -0.00284 -0.42165 0.90673
1706352279.294301033 -0.65361 0.08723 -0.23816 -0.00656 -0.00277 -0.42348 0.90588
1706352279.304301023 -0.65380 0.08768 -0.23861 -0.00654 -0.00272 -0.42533 0.90501
1706352279.314301014 -0.65394 0.08811 -0.23868 -0.00642 -0.00270 -0.42718 0.90414
1706352279.324301004 -0.65398 0.08840 -0.23822 -0.00622 -0.00269 -0.42899 0.90328
1706352279.334300995 -0.65394 0.08855 -0.23747 -0.00599 -0.00269 -0.43079 0.90243
1706352279.344300985 -0.65389 0.08862 -0.23677 -0.00580 -0.00267 -0.43256 0.90158
1706352279.354300976 -0.65386 0.08866 -0.23642 -0.00568 -0.00263 -0.43434 0.90073
1706352279.364300966 -0.65384 0.08868 -0.23649 -0.00559 -0.00257 -0.43611 0.89987
1706352279.374300957 -0.65382 0.08871 -0.23700 -0.00551 -0.00253 -0.43789 0.89901
1706352279.384300947 -0.65377 0.08876 -0.23795 -0.00538 -0.00251 -0.43968 0.89814
1706352279.394300938 -0.65366 0.08886 -0.23921 -0.00523 -0.00253 -0.44147 0.89726
1706352279.404300928 -0.65346 0.08904 -0.24065 -0.00507 -0.00260 -0.44327 0.89637
1706352279.414300919 -0.65317 0.08930 -0.24210 -0.00493 -0.00274 -0.44506 0.89548
1706352279.424300909 -0.65285 0.08950 -0.24323 -0.00485 -0.00288 -0.44683 0.89460
1706352279.434300900 -0.65263 0.08950 -0.24373 -0.00486 -0.00296 -0.44857 0.89373
1706352279.444300890 -0.65255 0.08919 -0.24337 -0.00499 -0.00293 -0.45029 0.89286
1706352279.454300880 -0.65258 0.08867 -0.24249 -0.00517 -0.00283 -0.45200 0.89200
1706352279.464301109 -0.65261 0.08806 -0.24155 -0.00530 -0.00275 -0.45371 0.89113
1706352279.474301100 -0.65257 0.08747 -0.24094 -0.00532 -0.00273 -0.45545 0.89024
1706352279.484301090 -0.65249 0.08691 -0.24074 -0.00526 -0.00276 -0.45720 0.88934
1706352279.494301081 -0.65239 0.08636 -0.24097 -0.00518 -0.00279 -0.45897 0.88843
1706352279.504301071 -0.65231 0.08583 -0.24161 -0.00512 -0.00279 -0.46072 0.88752
1706352279.514301062 -0.65222 0.08545 -0.24246 -0.00509 -0.00277 -0.46249 0.88661
1706352279.524301052 -0.65209 0.08535 -0.24330 -0.00508 -0.00276 -0.46427 0.88568
1706352279.534301043 -0.65189 0.08559 -0.24395 -0.00509 -0.00277 -0.46607 0.88473
1706352279.544301033 -0.65164 0.08595 -0.24430 -0.00508 -0.00280 -0.46789 0.88377
1706352279.554301023 -0.65136 0.08611 -0.24430 -0.00502 -0.00287 -0.46971 0.88280
1706352279.564301014 -0.65108 0.08582 -0.24394 -0.00487 -0.00296 -0.47152 0.88184
1706352279.574301004 -0.65083 0.08515 -0.24333 -0.00472 -0.00305 -0.47331 0.88088
1706352279.584300995 -0.65064 0.08422 -0.24264 -0.00466 -0.00311 -0.47506 0.87994
1706352279.594300985 -0.65053 0.08316 -0.24203 -0.00474 -0.00313 -0.47677 0.87901
1706352279.604300976 -0.65046 0.08203 -0.24164 -0.00493 -0.00312 -0.47846 0.87809
1706352279.614300966 -0.65039 0.08090 -0.24158 -0.00513 -0.00310 -0.48016 0.87716
1706352279.624300957 -0.65029 0.07989 -0.24195 -0.00528 -0.00311 -0.48188 0.87622
1706352279.634300947 -0.65014 0.07947 -0.24264 -0.00537 -0.00315 -0.48361 0.87526
1706352279.644300938 -0.64998 0.08020 -0.24349 -0.00538 -0.00320 -0.48533 0.87431
1706352279.654300928 -0.64981 0.08235 -0.24433 -0.00534 -0.00328 -0.48701 0.87337
1706352279.664300919 -0.64967 0.08517 -0.24497 -0.00526 -0.00335 -0.48868 0.87244
1706352279.674300909 -0.64959 0.08765 -0.24517 -0.00517 -0.00338 -0.49034 0.87151
1706352279.684300900 -0.64959 0.08899 -0.24480 -0.00511 -0.00334 -0.49200 0.87057
1706352279.694300890 -0.64965 0.08943 -0.24401 -0.00506 -0.00327 -0.49367 0.86963
1706352279.704300880 -0.64975 0.08941 -0.24300 -0.00503 -0.00319 -0.49535 0.86867
1706352279.714301109 -0.64986 0.08931 -0.24198 -0.00500 -0.00312 -0.49705 0.86770
1706352279.724301100 -0.64996 0.08924 -0.24113 -0.00493 -0.00307 -0.49876 0.86672
1706352279.734301090 -0.65000 0.08921 -0.24058 -0.00477 -0.00307 -0.50049 0.86573
1706352279.744301081 -0.64998 0.08923 -0.24040 -0.00449 -0.00311 -0.50223 0.86472
1706352279.754301071 -0.64981 0.08932 -0.24033 -0.00418 -0.00317 -0.50397 0.86371
1706352279.764301062 -0.64946 0.08948 -0.24005 -0.00394 -0.00321 -0.50568 0.86270
1706352279.774301052 -0.64890 0.08970 -0.23931 -0.00387 -0.00322 -0.50736 0.86172
1706352279.784301043 -0.64825 0.08989 -0.23819 -0.00392 -0.00319 -0.50902 0.86074
1706352279.794301033 -0.64769 0.08995 -0.23687 -0.00401 -0.00315 -0.51068 0.85976
1706352279.804301023 -0.64734 0.08982 -0.23551 -0.00410 -0.00310 -0.51236 0.85876
1706352279.814301014 -0.64715 0.08954 -0.23425 -0.00414 -0.00307 -0.51405 0.85774
1706352279.824301004 -0.64700 0.08920 -0.23324 -0.00411 -0.00308 -0.51577 0.85671
1706352279.834300995 -0.64682 0.08889 -0.23260 -0.00399 -0.00313 -0.51751 0.85566
1706352279.844300985 -0.64662 0.08859 -0.23235 -0.00386 -0.00319 -0.51927 0.85460
1706352279.854300976 -0.64645 0.08828 -0.23250 -0.00377 -0.00320 -0.52103 0.85353
1706352279.864300966 -0.64633 0.08799 -0.23304 -0.00378 -0.00313 -0.52279 0.85245
1706352279.874300957 -0.64615 0.08787 -0.23386 -0.00385 -0.00304 -0.52454 0.85137
1706352279.884300947 -0.64578 0.08811 -0.23486 -0.00389 -0.00301 -0.52627 0.85030
1706352279.894300938 -0.64513 0.08882 -0.23588 -0.00387 -0.00310 -0.52799 0.84923
1706352279.904300928 -0.64434 0.08973 -0.23672 -0.00378 -0.00327 -0.52971 0.84817
1706352279.914300919 -0.64357 0.09046 -0.23713 -0.00365 -0.00348 -0.53143 0.84709
1706352279.924300909 -0.64299 0.09075 -0.23697 -0.00349 -0.00368 -0.53317 0.84600
1706352279.934300900 -0.64259 0.09067 -0.23638 -0.00336 -0.00382 -0.53490 0.84490
1706352279.944300890 -0.64236 0.09038 -0.23562 -0.00331 -0.00388 -0.53659 0.84383
1706352279.954300880 -0.64226 0.09002 -0.23490 -0.00335 -0.00384 -0.53824 0.84278
1706352279.964301109 -0.64223 0.08963 -0.23439 -0.00346 -0.00375 -0.53985 0.84174
1706352279.974301100 -0.64219 0.08922 -0.23425 -0.00360 -0.00373 -0.54147 0.84070
1706352279.984301090 -0.64207 0.08878 -0.23454 -0.00373 -0.00383 -0.54311 0.83964
1706352279.994301081 -0.64184 0.08829 -0.23500 -0.00385 -0.00404 -0.54477 0.83857
1706352280.004301071 -0.64147 0.08773 -0.23528 -0.00400 -0.00431 -0.54642 0.83749
1706352280.014301062 -0.64098 0.08705 -0.23512 -0.00416 -0.00459 -0.54805 0.83642
1706352280.024301052 -0.64048 0.08624 -0.23462 -0.00433 -0.00483 -0.54966 0.83536
1706352280.034301043 -0.64009 0.08531 -0.23395 -0.00444 -0.00497 -0.55124 0.83432
1706352280.044301033 -0.63992 0.08424 -0.23326 -0.00446 -0.00499 -0.55280 0.83329
1706352280.054301023 -0.63990 0.08309 -0.23269 -0.00440 -0.00491 -0.55436 0.83225
1706352280.064301014 -0.63993 0.08190 -0.23235 -0.00425 -0.00481 -0.55595 0.83119
1706352280.074301004 -0.63992 0.08072 -0.23233 -0.00401 -0.00473 -0.55758 0.83010
1706352280.084300995 -0.63988 0.07956 -0.23268 -0.00374 -0.00468 -0.55924 0.82898
1706352280.094300985 -0.63985 0.07838 -0.23341 -0.00346 -0.00462 -0.56091 0.82786
1706352280.104300976 -0.63984 0.07724 -0.23450 -0.00324 -0.00456 -0.56255 0.82674
1706352280.114300966 -0.63985 0.07644 -0.23565 -0.00305 -0.00451 -0.56416 0.82564
1706352280.124300957 -0.63983 0.07632 -0.23648 -0.00289 -0.00450 -0.56574 0.82457
1706352280.134300947 -0.63976 0.07706 -0.23675 -0.00276 -0.00456 -0.56727 0.82351
1706352280.144300938 -0.63966 0.07807 -0.23658 -0.00266 -0.00466 -0.56879 0.82247
1706352280.154300928 -0.63954 0.07860 -0.23623 -0.00260 -0.00479 -0.57030 0.82142
1706352280.164300919 -0.63943 0.07808 -0.23590 -0.00259 -0.00490 -0.57184 0.82035
1706352280.174300909 -0.63935 0.07672 -0.23572 -0.00263 -0.00498 -0.57340 0.81926
1706352280.184300900 -0.63929 0.07495 -0.23578 -0.00274 -0.00500 -0.57499 0.81814
1706352280.194300890 -0.63925 0.07309 -0.23616 -0.00290 -0.00495 -0.57661 0.81700
1706352280.204300880 -0.63923 0.07124 -0.23690 -0.00307 -0.00486 -0.57825 0.81584
1706352280.214301109 -0.63919 0.06940 -0.23802 -0.00321 -0.00479 -0.57990 0.81467
1706352280.224301100 -0.63915 0.06764 -0.23949 -0.00326 -0.00477 -0.58153 0.81351
1706352280.234301090 -0.63917 0.06639 -0.24099 -0.00325 -0.00476 -0.58314 0.81235
1706352280.244301081 -0.63939 0.06612 -0.24219 -0.00318 -0.00473 -0.58472 0.81121
1706352280.254301071 -0.63986 0.06707 -0.24280 -0.00309 -0.00464 -0.58628 0.81009
1706352280.264301062 -0.64049 0.06848 -0.24293 -0.00305 -0.00452 -0.58782 0.80898
1706352280.274301052 -0.64112 0.06936 -0.24278 -0.00313 -0.00440 -0.58937 0.80785
1706352280.284301043 -0.64163 0.06895 -0.24252 -0.00338 -0.00432 -0.59094 0.80670
1706352280.294301033 -0.64202 0.06751 -0.24220 -0.00368 -0.00429 -0.59253 0.80553
1706352280.304301023 -0.64231 0.06555 -0.24186 -0.00388 -0.00431 -0.59414 0.80434
1706352280.314301014 -0.64253 0.06352 -0.24155 -0.00389 -0.00438 -0.59574 0.80315
1706352280.324301004 -0.64271 0.06149 -0.24138 -0.00378 -0.00444 -0.59736 0.80195
1706352280.334300995 -0.64293 0.05947 -0.24145 -0.00364 -0.00441 -0.59900 0.80073
1706352280.344300985 -0.64317 0.05754 -0.24183 -0.00356 -0.00427 -0.60067 0.79948
1706352280.354300976 -0.64330 0.05611 -0.24234 -0.00348 -0.00413 -0.60235 0.79822
1706352280.364300966 -0.64311 0.05566 -0.24272 -0.00333 -0.00414 -0.60401 0.79696
1706352280.374300957 -0.64251 0.05643 -0.24278 -0.00307 -0.00438 -0.60565 0.79571
1706352280.384300947 -0.64174 0.05770 -0.24252 -0.00282 -0.00473 -0.60726 0.79448
1706352280.394300938 -0.64115 0.05848 -0.24197 -0.00277 -0.00495 -0.60886 0.79326
1706352280.404300928 -0.64099 0.05806 -0.24119 -0.00301 -0.00491 -0.61045 0.79203
1706352280.414300919 -0.64111 0.05669 -0.24025 -0.00338 -0.00471 -0.61206 0.79079
1706352280.424300909 -0.64128 0.05485 -0.23922 -0.00364 -0.00452 -0.61368 0.78953
1706352280.434300900 -0.64132 0.05296 -0.23822 -0.00361 -0.00446 -0.61534 0.78824
1706352280.444300890 -0.64124 0.05106 -0.23736 -0.00340 -0.00454 -0.61700 0.78694
1706352280.454300880 -0.64112 0.04912 -0.23683 -0.00315 -0.00472 -0.61865 0.78565
1706352280.464301109 -0.64104 0.04715 -0.23672 -0.00299 -0.00494 -0.62025 0.78438
1706352280.474301100 -0.64103 0.04525 -0.23692 -0.00291 -0.00513 -0.62183 0.78313
1706352280.484301090 -0.64112 0.04357 -0.23724 -0.00286 -0.00519 -0.62340 0.78188
1706352280.494301081 -0.64133 0.04219 -0.23752 -0.00280 -0.00504 -0.62498 0.78062
1706352280.504301071 -0.64157 0.04092 -0.23755 -0.00270 -0.00480 -0.62657 0.77934
1706352280.514301062 -0.64172 0.03951 -0.23715 -0.00254 -0.00460 -0.62819 0.77804
1706352280.524301052 -0.64173 0.03777 -0.23621 -0.00231 -0.00453 -0.62983 0.77672
1706352280.534301043 -0.64163 0.03574 -0.23495 -0.00206 -0.00458 -0.63147 0.77538
1706352280.544301033 -0.64152 0.03353 -0.23368 -0.00186 -0.00472 -0.63309 0.77407
1706352280.554301023 -0.64146 0.03123 -0.23268 -0.00178 -0.00488 -0.63466 0.77278
1706352280.564301014 -0.64147 0.02889 -0.23200 -0.00183 -0.00497 -0.63621 0.77150
1706352280.574301004 -0.64156 0.02656 -0.23163 -0.00200 -0.00491 -0.63779 0.77019
1706352280.584300995 -0.64172 0.02430 -0.23160 -0.00227 -0.00465 -0.63942 0.76884
1706352280.594300985 -0.64179 0.02236 -0.23194 -0.00253 -0.00433 -0.64109 0.76745
1706352280.604300976 -0.64159 0.02099 -0.23268 -0.00265 -0.00413 -0.64278 0.76603
1706352280.614300966 -0.64101 0.02030 -0.23379 -0.00254 -0.00419 -0.64448 0.76460
1706352280.624300957 -0.64021 0.01975 -0.23493 -0.00228 -0.00445 -0.64617 0.76318
1706352280.634300947 -0.63944 0.01864 -0.23567 -0.00203 -0.00480 -0.64782 0.76178
1706352280.644300938 -0.63890 0.01646 -0.23573 -0.00190 -0.00513 -0.64941 0.76042
1706352280.654300928 -0.63862 0.01342 -0.23525 -0.00191 -0.00532 -0.65098 0.75907
1706352280.664300919 -0.63855 0.00992 -0.23451 -0.00208 -0.00526 -0.65255 0.75772
1706352280.674300909 -0.63865 0.00629 -0.23374 -0.00237 -0.00489 -0.65415 0.75635
1706352280.684300900 -0.63876 0.00263 -0.23313 -0.00261 -0.00444 -0.65576 0.75495
1706352280.694300890 -0.63873 -0.00103 -0.23282 -0.00259 -0.00418 -0.65737 0.75355
1706352280.704300880 -0.63845 -0.00457 -0.23294 -0.00219 -0.00430 -0.65896 0.75216
1706352280.714301109 -0.63814 -0.00754 -0.23358 -0.00168 -0.00463 -0.66052 0.75079
1706352280.724301100 -0.63810 -0.00939 -0.23482 -0.00140 -0.00492 -0.66206 0.74943
1706352280.734301090 -0.63853 -0.00986 -0.23659 -0.00159 -0.00497 -0.66357 0.74810
1706352280.744301081 -0.63920 -0.00966 -0.23835 -0.00205 -0.00482 -0.66507 0.74676
1706352280.754301071 -0.63981 -0.00976 -0.23941 -0.00246 -0.00454 -0.66659 0.74541
1706352280.764301062 -0.64010 -0.01093 -0.23930 -0.00259 -0.00423 -0.66815 0.74401
1706352280.774301052 -0.64011 -0.01298 -0.23840 -0.00246 -0.00401 -0.66972 0.74259
1706352280.784301043 -0.63991 -0.01552 -0.23735 -0.00217 -0.00398 -0.67130 0.74117
1706352280.794301033 -0.63959 -0.01821 -0.23663 -0.00181 -0.00420 -0.67285 0.73977
1706352280.804301023 -0.63928 -0.02096 -0.23631 -0.00153 -0.00449 -0.67438 0.73837
1706352280.814301014 -0.63912 -0.02374 -0.23637 -0.00145 -0.00463 -0.67589 0.73699
1706352280.824301004 -0.63917 -0.02650 -0.23673 -0.00166 -0.00445 -0.67739 0.73561
1706352280.834300995 -0.63920 -0.02900 -0.23721 -0.00195 -0.00409 -0.67889 0.73423
1706352280.844300985 -0.63892 -0.03099 -0.23760 -0.00206 -0.00378 -0.68038 0.73285
1706352280.854300976 -0.63814 -0.03236 -0.23775 -0.00179 -0.00369 -0.68186 0.73147
1706352280.864300966 -0.63707 -0.03356 -0.23766 -0.00128 -0.00382 -0.68333 0.73010
1706352280.874300957 -0.63605 -0.03517 -0.23740 -0.00074 -0.00413 -0.68475 0.72876
1706352280.884300947 -0.63535 -0.03763 -0.23704 -0.00036 -0.00456 -0.68612 0.72747
1706352280.894300938 -0.63505 -0.04078 -0.23667 -0.00029 -0.00490 -0.68746 0.72621
1706352280.904300928 -0.63515 -0.04431 -0.23635 -0.00066 -0.00492 -0.68877 0.72496
1706352280.914300919 -0.63562 -0.04797 -0.23617 -0.00151 -0.00448 -0.69009 0.72371
1706352280.924300909 -0.63620 -0.05163 -0.23618 -0.00240 -0.00388 -0.69137 0.72248
1706352280.934300900 -0.63657 -0.05522 -0.23643 -0.00282 -0.00353 -0.69262 0.72129
1706352280.944300890 -0.63649 -0.05862 -0.23690 -0.00241 -0.00369 -0.69379 0.72016
1706352280.954300880 -0.63598 -0.06161 -0.23734 -0.00154 -0.00422 -0.69491 0.71908
1706352280.964301109 -0.63513 -0.06392 -0.23745 -0.00076 -0.00485 -0.69601 0.71802
1706352280.974301100 -0.63406 -0.06543 -0.23702 -0.00049 -0.00533 -0.69709 0.71697
1706352280.984301090 -0.63300 -0.06667 -0.23621 -0.00063 -0.00560 -0.69813 0.71595
1706352280.994301081 -0.63224 -0.06836 -0.23524 -0.00096 -0.00563 -0.69911 0.71499
1706352281.004301071 -0.63196 -0.07100 -0.23431 -0.00128 -0.00543 -0.69999 0.71413
1706352281.014301062 -0.63198 -0.07441 -0.23346 -0.00144 -0.00518 -0.70079 0.71335
1706352281.024301052 -0.63207 -0.07823 -0.23270 -0.00131 -0.00507 -0.70148 0.71267
1706352281.034301043 -0.63204 -0.08215 -0.23204 -0.00086 -0.00524 -0.70209 0.71206
1706352281.044301033 -0.63198 -0.08615 -0.23161 -0.00031 -0.00558 -0.70262 0.71154
1706352281.054301023 -0.63208 -0.09024 -0.23155 0.00002 -0.00591 -0.70308 0.71108
1706352281.064301014 -0.63245 -0.09428 -0.23195 -0.00010 -0.00607 -0.70349 0.71068
1706352281.074301004 -0.63303 -0.09749 -0.23266 -0.00055 -0.00608 -0.70386 0.71032
1706352281.084300995 -0.63368 -0.09892 -0.23349 -0.00112 -0.00596 -0.70421 0.70997
1706352281.094300985 -0.63431 -0.09804 -0.23425 -0.00162 -0.00578 -0.70456 0.70962
1706352281.104300976 -0.63482 -0.09609 -0.23469 -0.00197 -0.00561 -0.70493 0.70925
1706352281.114300966 -0.63513 -0.09473 -0.23460 -0.00212 -0.00555 -0.70533 0.70886
1706352281.124300957 -0.63520 -0.09523 -0.23383 -0.00201 -0.00567 -0.70576 0.70843
1706352281.134300947 -0.63511 -0.09723 -0.23264 -0.00175 -0.00590 -0.70618 0.70800
1706352281.144300938 -0.63499 -0.09999 -0.23135 -0.00143 -0.00615 -0.70656 0.70763
1706352281.154300928 -0.63495 -0.10290 -0.23026 -0.00115 -0.00636 -0.70685 0.70734
1706352281.164300919 -0.63501 -0.10581 -0.22947 -0.00095 -0.00648 -0.70706 0.70712
1706352281.174300909 -0.63522 -0.10873 -0.22901 -0.00088 -0.00647 -0.70723 0.70696
1706352281.184300900 -0.63557 -0.11162 -0.22890 -0.00095 -0.00632 -0.70736 0.70682
1706352281.194300890 -0.63596 -0.11440 -0.22903 -0.00108 -0.00607 -0.70749 0.70669
1706352281.204300880 -0.63628 -0.11696 -0.22925 -0.00119 -0.00576 -0.70763 0.70655
1706352281.214301109 -0.63644 -0.11926 -0.22944 -0.00121 -0.00546 -0.70780 0.70639
1706352281.224301100 -0.63650 -0.12150 -0.22947 -0.00114 -0.00516 -0.70797 0.70622
1706352281.234301090 -0.63655 -0.12394 -0.22924 -0.00101 -0.00487 -0.70811 0.70608
1706352281.244301081 -0.63667 -0.12677 -0.22870 -0.00083 -0.00459 -0.70822 0.70598
1706352281.254301071 -0.63686 -0.12996 -0.22802 -0.00066 -0.00437 -0.70827 0.70593
1706352281.264301062 -0.63710 -0.13337 -0.22742 -0.00055 -0.00425 -0.70829 0.70591
1706352281.274301052 -0.63738 -0.13692 -0.22709 -0.00056 -0.00424 -0.70829 0.70591
1706352281.284301043 -0.63766 -0.14057 -0.22709 -0.00065 -0.00436 -0.70827 0.70592
1706352281.294301033 -0.63791 -0.14428 -0.22748 -0.00080 -0.00460 -0.70828 0.70592
1706352281.304301023 -0.63810 -0.14800 -0.22824 -0.00097 -0.00492 -0.70831 0.70588
1706352281.314301014 -0.63810 -0.15152 -0.22915 -0.00106 -0.00526 -0.70837 0.70582
1706352281.324301004 -0.63777 -0.15461 -0.22994 -0.00098 -0.00551 -0.70845 0.70574
1706352281.334300995 -0.63705 -0.15717 -0.23039 -0.00069 -0.00559 -0.70853 0.70565
1706352281.344300985 -0.63619 -0.15962 -0.23048 -0.00030 -0.00554 -0.70862 0.70557
1706352281.354300976 -0.63553 -0.16254 -0.23023 -0.00001 -0.00539 -0.70871 0.70548
1706352281.364300966 -0.63530 -0.16634 -0.22970 0.00007 -0.00520 -0.70879 0.70540
1706352281.374300957 -0.63540 -0.17085 -0.22909 -0.00002 -0.00507 -0.70886 0.70533
1706352281.384300947 -0.63564 -0.17577 -0.22865 -0.00018 -0.00509 -0.70891 0.70528
1706352281.394300938 -0.63585 -0.18083 -0.22856 -0.00032 -0.00531 -0.70892 0.70527
1706352281.404300928 -0.63604 -0.18595 -0.22884 -0.00047 -0.00567 -0.70892 0.70526
1706352281.414300919 -0.63628 -0.19109 -0.22947 -0.00065 -0.00603 -0.70893 0.70526
1706352281.424300909 -0.63658 -0.19610 -0.23038 -0.00089 -0.00627 -0.70894 0.70524
1706352281.434300900 -0.63690 -0.20041 -0.23134 -0.00117 -0.00631 -0.70897 0.70521
1706352281.444300890 -0.63718 -0.20332 -0.23209 -0.00147 -0.00610 -0.70901 0.70517
1706352281.454300880 -0.63734 -0.20448 -0.23241 -0.00174 -0.00561 -0.70905 0.70513
1706352281.464301109 -0.63737 -0.20485 -0.23237 -0.00186 -0.00503 -0.70912 0.70507
1706352281.474301100 -0.63725 -0.20570 -0.23210 -0.00171 -0.00460 -0.70921 0.70498
1706352281.484301090 -0.63700 -0.20801 -0.23173 -0.00123 -0.00450 -0.70933 0.70486
1706352281.494301081 -0.63676 -0.21156 -0.23141 -0.00065 -0.00460 -0.70946 0.70473
1706352281.504301071 -0.63668 -0.21581 -0.23128 -0.00032 -0.00472 -0.70956 0.70463
1706352281.514301062 -0.63688 -0.22032 -0.23148 -0.00045 -0.00472 -0.70962 0.70457
1706352281.524301052 -0.63723 -0.22493 -0.23202 -0.00084 -0.00471 -0.70962 0.70457
1706352281.534301043 -0.63755 -0.22959 -0.23291 -0.00121 -0.00482 -0.70959 0.70459
1706352281.544301033 -0.63773 -0.23406 -0.23412 -0.00135 -0.00517 -0.70954 0.70464
1706352281.554301023 -0.63779 -0.23744 -0.23538 -0.00137 -0.00558 -0.70947 0.70471
1706352281.564301014 -0.63785 -0.23863 -0.23639 -0.00146 -0.00585 -0.70939 0.70479
1706352281.574301004 -0.63798 -0.23710 -0.23689 -0.00175 -0.00583 -0.70931 0.70487
1706352281.584300995 -0.63816 -0.23441 -0.23684 -0.00201 -0.00561 -0.70924 0.70494
1706352281.594300985 -0.63835 -0.23263 -0.23623 -0.00198 -0.00536 -0.70923 0.70496
1706352281.604300976 -0.63855 -0.23335 -0.23510 -0.00147 -0.00520 -0.70927 0.70492
1706352281.614300966 -0.63885 -0.23615 -0.23375 -0.00080 -0.00507 -0.70936 0.70483
1706352281.624300957 -0.63938 -0.24009 -0.23251 -0.00040 -0.00487 -0.70946 0.70473
1706352281.634300947 -0.64019 -0.24439 -0.23166 -0.00057 -0.00456 -0.70956 0.70463
1706352281.644300938 -0.64115 -0.24885 -0.23125 -0.00113 -0.00430 -0.70964 0.70455
1706352281.654300928 -0.64207 -0.25343 -0.23128 -0.00175 -0.00429 -0.70971 0.70447
1706352281.664300919 -0.64276 -0.25796 -0.23169 -0.00217 -0.00467 -0.70977 0.70442
1706352281.674300909 -0.64315 -0.26176 -0.23229 -0.00240 -0.00528 -0.70980 0.70438
1706352281.684300900 -0.64318 -0.26400 -0.23283 -0.00248 -0.00586 -0.70980 0.70437
1706352281.694300890 -0.64285 -0.26422 -0.23309 -0.00247 -0.00619 -0.70978 0.70439
1706352281.704300880 -0.64241 -0.26335 -0.23293 -0.00233 -0.00624 -0.70975 0.70442
1706352281.714301109 -0.64218 -0.26266 -0.23222 -0.00201 -0.00597 -0.70972 0.70445
1706352281.724301100 -0.64240 -0.26315 -0.23094 -0.00150 -0.00543 -0.70972 0.70446
1706352281.734301090 -0.64297 -0.26470 -0.22940 -0.00096 -0.00479 -0.70973 0.70446
1706352281.744301081 -0.64372 -0.26691 -0.22798 -0.00060 -0.00428 -0.70976 0.70443
1706352281.754301071 -0.64451 -0.26945 -0.22701 -0.00058 -0.00406 -0.70980 0.70439
1706352281.764301062 -0.64530 -0.27219 -0.22653 -0.00082 -0.00414 -0.70985 0.70434
1706352281.774301052 -0.64606 -0.27508 -0.22650 -0.00119 -0.00447 -0.70989 0.70430
1706352281.784301043 -0.64673 -0.27809 -0.22689 -0.00160 -0.00499 -0.70991 0.70427
1706352281.794301033 -0.64707 -0.28135 -0.22765 -0.00202 -0.00558 -0.70992 0.70426
1706352281.804301023 -0.64680 -0.28505 -0.22873 -0.00245 -0.00611 -0.70989 0.70428
1706352281.814301014 -0.64577 -0.28924 -0.23001 -0.00286 -0.00644 -0.70985 0.70432
1706352281.824301004 -0.64442 -0.29354 -0.23100 -0.00311 -0.00648 -0.70981 0.70436
1706352281.834300995 -0.64332 -0.29746 -0.23114 -0.00301 -0.00615 -0.70980 0.70437
1706352281.844300985 -0.64289 -0.30067 -0.23006 -0.00249 -0.00541 -0.70986 0.70432
1706352281.854300976 -0.64303 -0.30346 -0.22830 -0.00187 -0.00454 -0.70997 0.70422
1706352281.864300966 -0.64348 -0.30628 -0.22660 -0.00157 -0.00390 -0.71011 0.70407
1706352281.874300957 -0.64402 -0.30948 -0.22554 -0.00187 -0.00375 -0.71028 0.70390
1706352281.884300947 -0.64449 -0.31299 -0.22512 -0.00250 -0.00412 -0.71047 0.70371
1706352281.894300938 -0.64475 -0.31664 -0.22517 -0.00305 -0.00497 -0.71067 0.70350
1706352281.904300928 -0.64471 -0.32032 -0.22553 -0.00320 -0.00617 -0.71086 0.70329
1706352281.914300919 -0.64449 -0.32404 -0.22609 -0.00300 -0.00721 -0.71106 0.70309
1706352281.924300909 -0.64425 -0.32787 -0.22673 -0.00262 -0.00750 -0.71124 0.70291
1706352281.934300900 -0.64412 -0.33185 -0.22736 -0.00219 -0.00668 -0.71141 0.70275
1706352281.944300890 -0.64406 -0.33594 -0.22784 -0.00175 -0.00533 -0.71158 0.70258
1706352281.954300880 -0.64400 -0.34005 -0.22804 -0.00129 -0.00425 -0.71179 0.70238
1706352281.964301109 -0.64391 -0.34415 -0.22789 -0.00086 -0.00403 -0.71204 0.70213
1706352281.974301100 -0.64388 -0.34828 -0.22754 -0.00066 -0.00446 -0.71232 0.70184
1706352281.984301090 -0.64409 -0.35252 -0.22723 -0.00092 -0.00509 -0.71258 0.70157
1706352281.994301081 -0.64461 -0.35689 -0.22711 -0.00173 -0.00559 -0.71282 0.70132
1706352282.004301071 -0.64526 -0.36124 -0.22710 -0.00265 -0.00587 -0.71305 0.70109
1706352282.014301062 -0.64581 -0.36536 -0.22707 -0.00310 -0.00594 -0.71330 0.70083
1706352282.024301052 -0.64604 -0.36913 -0.22693 -0.00271 -0.00582 -0.71360 0.70052
1706352282.034301043 -0.64589 -0.37268 -0.22670 -0.00185 -0.00557 -0.71396 0.70016
1706352282.044301033 -0.64531 -0.37621 -0.22644 -0.00112 -0.00523 -0.71438 0.69974
1706352282.054301023 -0.64433 -0.37989 -0.22620 -0.00094 -0.00490 -0.71485 0.69926
1706352282.064301014 -0.64319 -0.38372 -0.22601 -0.00117 -0.00469 -0.71536 0.69874
1706352282.074301004 -0.64218 -0.38768 -0.22587 -0.00151 -0.00475 -0.71588 0.69820
1706352282.084300995 -0.64154 -0.39173 -0.22579 -0.00173 -0.00514 -0.71639 0.69768
1706352282.094300985 -0.64130 -0.39579 -0.22579 -0.00189 -0.00562 -0.71687 0.69718
1706352282.104300976 -0.64142 -0.39981 -0.22587 -0.00211 -0.00589 -0.71732 0.69671
1706352282.114300966 -0.64186 -0.40373 -0.22607 -0.00249 -0.00573 -0.71774 0.69628
1706352282.124300957 -0.64242 -0.40759 -0.22647 -0.00291 -0.00537 -0.71815 0.69587
1706352282.134300947 -0.64290 -0.41148 -0.22720 -0.00323 -0.00513 -0.71855 0.69545
1706352282.144300938 -0.64313 -0.41542 -0.22825 -0.00335 -0.00525 -0.71896 0.69502
1706352282.154300928 -0.64304 -0.41926 -0.22924 -0.00334 -0.00557 -0.71937 0.69460
1706352282.164300919 -0.64261 -0.42280 -0.22971 -0.00334 -0.00582 -0.71975 0.69420
1706352282.174300909 -0.64185 -0.42593 -0.22931 -0.00342 -0.00581 -0.72009 0.69385
1706352282.184300900 -0.64099 -0.42886 -0.22836 -0.00351 -0.00561 -0.72038 0.69355
1706352282.194300890 -0.64029 -0.43188 -0.22732 -0.00348 -0.00538 -0.72062 0.69330
1706352282.204300880 -0.63996 -0.43525 -0.22660 -0.00328 -0.00524 -0.72083 0.69309
1706352282.214301109 -0.63995 -0.43896 -0.22631 -0.00310 -0.00524 -0.72101 0.69290
1706352282.224301100 -0.64017 -0.44300 -0.22652 -0.00318 -0.00542 -0.72118 0.69272
1706352282.234301090 -0.64051 -0.44728 -0.22722 -0.00366 -0.00576 -0.72136 0.69252
1706352282.244301081 -0.64088 -0.45164 -0.22825 -0.00422 -0.00613 -0.72155 0.69232
1706352282.254301071 -0.64116 -0.45584 -0.22939 -0.00445 -0.00638 -0.72175 0.69211
1706352282.264301062 -0.64129 -0.45968 -0.23043 -0.00407 -0.00637 -0.72196 0.69189
1706352282.274301052 -0.64134 -0.46291 -0.23118 -0.00336 -0.00611 -0.72216 0.69170
1706352282.284301043 -0.64140 -0.46531 -0.23149 -0.00278 -0.00566 -0.72230 0.69155
1706352282.294301033 -0.64154 -0.46680 -0.23127 -0.00265 -0.00512 -0.72237 0.69148
1706352282.304301023 -0.64174 -0.46798 -0.23069 -0.00287 -0.00470 -0.72241 0.69145
1706352282.314301014 -0.64193 -0.46964 -0.23001 -0.00325 -0.00464 -0.72243 0.69142
1706352282.324301004 -0.64208 -0.47234 -0.22942 -0.00360 -0.00510 -0.72247 0.69137
1706352282.334300995 -0.64225 -0.47579 -0.22887 -0.00383 -0.00574 -0.72252 0.69131
1706352282.344300985 -0.64253 -0.47948 -0.22824 -0.00390 -0.00612 -0.72257 0.69126
1706352282.354300976 -0.64298 -0.48301 -0.22749 -0.00376 -0.00594 -0.72261 0.69122
1706352282.364300966 -0.64354 -0.48640 -0.22678 -0.00348 -0.00539 -0.72264 0.69119
1706352282.374300957 -0.64411 -0.48978 -0.22634 -0.00317 -0.00479 -0.72268 0.69116
1706352282.384300947 -0.64461 -0.49329 -0.22632 -0.00290 -0.00439 -0.72274 0.69110
1706352282.394300938 -0.64502 -0.49725 -0.22662 -0.00270 -0.00427 -0.72280 0.69104
1706352282.404300928 -0.64532 -0.50197 -0.22707 -0.00256 -0.00445 -0.72285 0.69099
1706352282.414300919 -0.64552 -0.50761 -0.22750 -0.00252 -0.00490 -0.72288 0.69095
1706352282.424300909 -0.64570 -0.51352 -0.22775 -0.00258 -0.00543 -0.72290 0.69092
1706352282.434300900 -0.64597 -0.51888 -0.22763 -0.00281 -0.00582 -0.72292 0.69090
1706352282.444300890 -0.64637 -0.52307 -0.22704 -0.00318 -0.00591 -0.72294 0.69088
1706352282.454300880 -0.64682 -0.52626 -0.22612 -0.00349 -0.00579 -0.72297 0.69084
1706352282.464301109 -0.64716 -0.52888 -0.22506 -0.00350 -0.00562 -0.72301 0.69080
1706352282.474301100 -0.64731 -0.53127 -0.22407 -0.00306 -0.00554 -0.72306 0.69075
1706352282.484301090 -0.64734 -0.53362 -0.22331 -0.00244 -0.00557 -0.72312 0.69070
1706352282.494301081 -0.64741 -0.53609 -0.22297 -0.00202 -0.00570 -0.72318 0.69063
1706352282.504301071 -0.64762 -0.53888 -0.22319 -0.00208 -0.00590 -0.72325 0.69056
1706352282.514301062 -0.64792 -0.54253 -0.22401 -0.00250 -0.00613 -0.72332 0.69048
1706352282.524301052 -0.64820 -0.54764 -0.22546 -0.00305 -0.00629 -0.72341 0.69038
1706352282.534301043 -0.64840 -0.55451 -0.22746 -0.00355 -0.00635 -0.72352 0.69027
1706352282.544301033 -0.64855 -0.56213 -0.22942 -0.00390 -0.00627 -0.72362 0.69016
1706352282.554301023 -0.64870 -0.56916 -0.23067 -0.00403 -0.00607 -0.72371 0.69007
1706352282.564301014 -0.64888 -0.57461 -0.23070 -0.00389 -0.00576 -0.72375 0.69002
1706352282.574301004 -0.64905 -0.57882 -0.22987 -0.00358 -0.00550 -0.72377 0.69001
1706352282.584300995 -0.64918 -0.58246 -0.22870 -0.00318 -0.00544 -0.72376 0.69003
1706352282.594300985 -0.64923 -0.58609 -0.22766 -0.00280 -0.00569 -0.72373 0.69005
1706352282.604300976 -0.64928 -0.58981 -0.22688 -0.00252 -0.00612 -0.72369 0.69009
1706352282.614300966 -0.64939 -0.59358 -0.22641 -0.00242 -0.00654 -0.72366 0.69013
1706352282.624300957 -0.64961 -0.59742 -0.22627 -0.00253 -0.00682 -0.72362 0.69016
1706352282.634300947 -0.64981 -0.60140 -0.22626 -0.00260 -0.00698 -0.72361 0.69016
1706352282.644300938 -0.64979 -0.60565 -0.22618 -0.00233 -0.00712 -0.72365 0.69013
1706352282.654300928 -0.64945 -0.61020 -0.22585 -0.00157 -0.00729 -0.72373 0.69004
1706352282.664300919 -0.64898 -0.61486 -0.22531 -0.00070 -0.00746 -0.72385 0.68992
1706352282.674300909 -0.64866 -0.61935 -0.22468 -0.00022 -0.00759 -0.72395 0.68981
1706352282.684300900 -0.64867 -0.62345 -0.22403 -0.00049 -0.00764 -0.72402 0.68974
1706352282.694300890 -0.64890 -0.62719 -0.22338 -0.00117 -0.00765 -0.72405 0.68970
1706352282.704300880 -0.64912 -0.63066 -0.22271 -0.00179 -0.00767 -0.72406 0.68970
1706352282.714301109 -0.64920 -0.63394 -0.22204 -0.00195 -0.00773 -0.72404 0.68972
1706352282.724301100 -0.64921 -0.63706 -0.22144 -0.00180 -0.00771 -0.72401 0.68975
1706352282.734301090 -0.64927 -0.64008 -0.22099 -0.00158 -0.00748 -0.72399 0.68977
1706352282.744301081 -0.64947 -0.64310 -0.22076 -0.00150 -0.00697 -0.72400 0.68976
1706352282.754301071 -0.64977 -0.64639 -0.22082 -0.00154 -0.00641 -0.72404 0.68973
1706352282.764301062 -0.65007 -0.65030 -0.22124 -0.00165 -0.00613 -0.72411 0.68966
1706352282.774301052 -0.65029 -0.65502 -0.22199 -0.00178 -0.00633 -0.72421 0.68955
1706352282.784301043 -0.65041 -0.66009 -0.22282 -0.00196 -0.00686 -0.72432 0.68943
1706352282.794301033 -0.65041 -0.66490 -0.22337 -0.00221 -0.00743 -0.72441 0.68932
1706352282.804301023 -0.65029 -0.66898 -0.22340 -0.00253 -0.00782 -0.72447 0.68926
1706352282.814301014 -0.65004 -0.67240 -0.22301 -0.00272 -0.00802 -0.72450 0.68922
1706352282.824301004 -0.64968 -0.67534 -0.22239 -0.00258 -0.00806 -0.72452 0.68920
1706352282.834300995 -0.64920 -0.67801 -0.22175 -0.00200 -0.00797 -0.72454 0.68918
1706352282.844300985 -0.64869 -0.68062 -0.22132 -0.00129 -0.00789 -0.72457 0.68916
1706352282.854300976 -0.64824 -0.68339 -0.22136 -0.00091 -0.00793 -0.72461 0.68911
1706352282.864300966 -0.64801 -0.68649 -0.22205 -0.00118 -0.00818 -0.72467 0.68905
1706352282.874300957 -0.64838 -0.68995 -0.22324 -0.00193 -0.00843 -0.72474 0.68897
1706352282.884300947 -0.64980 -0.69378 -0.22467 -0.00292 -0.00841 -0.72480 0.68890
1706352282.894300938 -0.65247 -0.69793 -0.22611 -0.00387 -0.00794 -0.72486 0.68884
1706352282.904300928 -0.65554 -0.70222 -0.22724 -0.00460 -0.00725 -0.72491 0.68879
1706352282.914300919 -0.65794 -0.70646 -0.22772 -0.00489 -0.00664 -0.72497 0.68873
1706352282.924300909 -0.65888 -0.71048 -0.22735 -0.00466 -0.00634 -0.72504 0.68866
1706352282.934300900 -0.65870 -0.71434 -0.22643 -0.00408 -0.00627 -0.72512 0.68858
1706352282.944300890 -0.65804 -0.71816 -0.22536 -0.00344 -0.00628 -0.72517 0.68853
1706352282.954300880 -0.65744 -0.72202 -0.22450 -0.00296 -0.00625 -0.72520 0.68850
1706352282.964301109 -0.65694 -0.72602 -0.22402 -0.00272 -0.00628 -0.72521 0.68850
1706352282.974301100 -0.65647 -0.73022 -0.22404 -0.00273 -0.00656 -0.72520 0.68850
1706352282.984301090 -0.65603 -0.73465 -0.22456 -0.00296 -0.00716 -0.72519 0.68851
1706352282.994301081 -0.65576 -0.73913 -0.22517 -0.00321 -0.00791 -0.72518 0.68851
1706352283.004301071 -0.65587 -0.74344 -0.22534 -0.00323 -0.00857 -0.72519 0.68849
1706352283.014301062 -0.65648 -0.74741 -0.22471 -0.00285 -0.00894 -0.72522 0.68845
1706352283.024301052 -0.65740 -0.75112 -0.22360 -0.00231 -0.00911 -0.72527 0.68840
1706352283.034301043 -0.65838 -0.75470 -0.22251 -0.00196 -0.00921 -0.72532 0.68835
1706352283.044301033 -0.65919 -0.75827 -0.22181 -0.00203 -0.00935 -0.72536 0.68830
1706352283.054301023 -0.65988 -0.76180 -0.22146 -0.00241 -0.00944 -0.72541 0.68825
1706352283.064301014 -0.66054 -0.76524 -0.22132 -0.00288 -0.00937 -0.72545 0.68820
1706352283.074301004 -0.66125 -0.76856 -0.22126 -0.00326 -0.00906 -0.72550 0.68815
1706352283.084300995 -0.66202 -0.77176 -0.22129 -0.00350 -0.00852 -0.72555 0.68811
1706352283.094300985 -0.66282 -0.77485 -0.22145 -0.00359 -0.00782 -0.72559 0.68808
1706352283.104300976 -0.66362 -0.77797 -0.22173 -0.00353 -0.00703 -0.72561 0.68806
1706352283.114300966 -0.66430 -0.78173 -0.22198 -0.00339 -0.00638 -0.72562 0.68805
1706352283.124300957 -0.66472 -0.78687 -0.22196 -0.00326 -0.00611 -0.72564 0.68803
1706352283.134300947 -0.66483 -0.79377 -0.22155 -0.00320 -0.00638 -0.72568 0.68800
1706352283.144300938 -0.66485 -0.80134 -0.22090 -0.00319 -0.00691 -0.72572 0.68795
1706352283.154300928 -0.66510 -0.80812 -0.22024 -0.00321 -0.00731 -0.72576 0.68790
1706352283.164300919 -0.66581 -0.81303 -0.21975 -0.00321 -0.00731 -0.72580 0.68786
1706352283.174300909 -0.66681 -0.81646 -0.21952 -0.00318 -0.00708 -0.72583 0.68783
1706352283.184300900 -0.66789 -0.81918 -0.21957 -0.00309 -0.00692 -0.72586 0.68780
1706352283.194300890 -0.66886 -0.82181 -0.21996 -0.00295 -0.00703 -0.72589 0.68777
1706352283.204300880 -0.66977 -0.82448 -0.22067 -0.00282 -0.00729 -0.72593 0.68773
1706352283.214301109 -0.67074 -0.82719 -0.22168 -0.00278 -0.00749 -0.72597 0.68768
1706352283.224301100 -0.67180 -0.83016 -0.22294 -0.00287 -0.00749 -0.72602 0.68762
1706352283.234301090 -0.67268 -0.83453 -0.22422 -0.00303 -0.00727 -0.72608 0.68756
1706352283.244301081 -0.67305 -0.84166 -0.22525 -0.00316 -0.00686 -0.72615 0.68749
1706352283.254301071 -0.67271 -0.85224 -0.22584 -0.00318 -0.00632 -0.72623 0.68741
1706352283.264301062 -0.67202 -0.86421 -0.22605 -0.00314 -0.00583 -0.72630 0.68735
1706352283.274301052 -0.67147 -0.87480 -0.22602 -0.00311 -0.00555 -0.72634 0.68731
1706352283.284301043 -0.67146 -0.88196 -0.22587 -0.00315 -0.00561 -0.72634 0.68731
1706352283.294301033 -0.67193 -0.88629 -0.22567 -0.00326 -0.00583 -0.72632 0.68733
1706352283.304301023 -0.67269 -0.88911 -0.22548 -0.00343 -0.00592 -0.72630 0.68735
1706352283.314301014 -0.67359 -0.89153 -0.22537 -0.00366 -0.00573 -0.72630 0.68735
1706352283.324301004 -0.67451 -0.89384 -0.22545 -0.00386 -0.00543 -0.72631 0.68733
1706352283.334300995 -0.67532 -0.89616 -0.22581 -0.00397 -0.00529 -0.72633 0.68731
1706352283.344300985 -0.67592 -0.89872 -0.22648 -0.00392 -0.00547 -0.72635 0.68729
1706352283.354300976 -0.67629 -0.90225 -0.22711 -0.00369 -0.00578 -0.72637 0.68727
1706352283.364300966 -0.67638 -0.90761 -0.22728 -0.00329 -0.00591 -0.72640 0.68724
1706352283.374300957 -0.67622 -0.91524 -0.22670 -0.00274 -0.00565 -0.72643 0.68721
1706352283.384300947 -0.67598 -0.92399 -0.22571 -0.00219 -0.00519 -0.72646 0.68718
1706352283.394300938 -0.67588 -0.93226 -0.22481 -0.00185 -0.00483 -0.72648 0.68717
1706352283.404300928 -0.67606 -0.93885 -0.22436 -0.00183 -0.00478 -0.72647 0.68718
1706352283.414300919 -0.67644 -0.94402 -0.22433 -0.00197 -0.00498 -0.72645 0.68720
1706352283.424300909 -0.67686 -0.94842 -0.22453 -0.00205 -0.00529 -0.72642 0.68723
1706352283.434300900 -0.67722 -0.95259 -0.22484 -0.00191 -0.00560 -0.72639 0.68725
1706352283.444300890 -0.67758 -0.95669 -0.22532 -0.00170 -0.00586 -0.72637 0.68728
1706352283.454300880 -0.67802 -0.96081 -0.22610 -0.00164 -0.00601 -0.72636 0.68729
1706352283.464301109 -0.67858 -0.96502 -0.22715 -0.00187 -0.00604 -0.72637 0.68728
1706352283.474301100 -0.67909 -0.96946 -0.22797 -0.00223 -0.00598 -0.72639 0.68725
1706352283.484301090 -0.67929 -0.97427 -0.22793 -0.00252 -0.00587 -0.72644 0.68720
1706352283.494301081 -0.67904 -0.97950 -0.22666 -0.00256 -0.00577 -0.72651 0.68713
1706352283.504301071 -0.67859 -0.98485 -0.22471 -0.00241 -0.00567 -0.72660 0.68704
1706352283.514301062 -0.67825 -0.98996 -0.22289 -0.00220 -0.00557 -0.72668 0.68695
1706352283.524301052 -0.67828 -0.99455 -0.22186 -0.00204 -0.00545 -0.72676 0.68686
1706352283.534301043 -0.67866 -0.99877 -0.22161 -0.00200 -0.00537 -0.72683 0.68680
1706352283.544301033 -0.67928 -1.00289 -0.22197 -0.00217 -0.00538 -0.72686 0.68676
1706352283.554301023 -0.68004 -1.00711 -0.22277 -0.00257 -0.00552 -0.72685 0.68677
1706352283.564301014 -0.68087 -1.01137 -0.22390 -0.00308 -0.00572 -0.72682 0.68680
1706352283.574301004 -0.68169 -1.01559 -0.22524 -0.00349 -0.00587 -0.72677 0.68685
1706352283.584300995 -0.68244 -1.01977 -0.22660 -0.00366 -0.00590 -0.72671 0.68691
1706352283.594300985 -0.68304 -1.02443 -0.22759 -0.00365 -0.00587 -0.72667 0.68695
1706352283.604300976 -0.68340 -1.03018 -0.22774 -0.00354 -0.00587 -0.72666 0.68696
1706352283.614300966 -0.68348 -1.03737 -0.22675 -0.00342 -0.00597 -0.72670 0.68692
1706352283.624300957 -0.68341 -1.04525 -0.22510 -0.00329 -0.00619 -0.72677 0.68684
1706352283.634300947 -0.68337 -1.05277 -0.22342 -0.00314 -0.00652 -0.72685 0.68676
1706352283.644300938 -0.68351 -1.05912 -0.22221 -0.00295 -0.00690 -0.72691 0.68669
1706352283.654300928 -0.68387 -1.06448 -0.22144 -0.00278 -0.00717 -0.72696 0.68664
1706352283.664300919 -0.68448 -1.06926 -0.22093 -0.00269 -0.00711 -0.72698 0.68662
1706352283.674300909 -0.68532 -1.07383 -0.22054 -0.00271 -0.00662 -0.72698 0.68663
1706352283.684300900 -0.68621 -1.07838 -0.22039 -0.00277 -0.00606 -0.72696 0.68665
1706352283.694300890 -0.68695 -1.08306 -0.22064 -0.00276 -0.00590 -0.72693 0.68668
1706352283.704300880 -0.68737 -1.08806 -0.22135 -0.00261 -0.00644 -0.72691 0.68670
1706352283.714301109 -0.68748 -1.09373 -0.22203 -0.00244 -0.00727 -0.72690 0.68670
1706352283.724301100 -0.68733 -1.10050 -0.22209 -0.00240 -0.00779 -0.72691 0.68669
1706352283.734301090 -0.68697 -1.10853 -0.22115 -0.00258 -0.00758 -0.72695 0.68665
1706352283.744301081 -0.68654 -1.11704 -0.21953 -0.00285 -0.00695 -0.72699 0.68661
1706352283.754301071 -0.68616 -1.12499 -0.21778 -0.00305 -0.00634 -0.72700 0.68660
1706352283.764301062 -0.68594 -1.13159 -0.21633 -0.00302 -0.00612 -0.72697 0.68663
1706352283.774301052 -0.68586 -1.13711 -0.21522 -0.00284 -0.00617 -0.72692 0.68669
1706352283.784301043 -0.68588 -1.14207 -0.21437 -0.00261 -0.00629 -0.72686 0.68675
1706352283.794301033 -0.68596 -1.14691 -0.21372 -0.00241 -0.00630 -0.72683 0.68678
1706352283.804301023 -0.68611 -1.15174 -0.21332 -0.00235 -0.00621 -0.72683 0.68678
1706352283.814301014 -0.68635 -1.15661 -0.21322 -0.00247 -0.00606 -0.72686 0.68675
1706352283.824301004 -0.68667 -1.16159 -0.21345 -0.00282 -0.00589 -0.72691 0.68670
1706352283.834300995 -0.68699 -1.16688 -0.21391 -0.00316 -0.00581 -0.72696 0.68665
1706352283.844300985 -0.68719 -1.17272 -0.21449 -0.00322 -0.00597 -0.72699 0.68661
1706352283.854300976 -0.68721 -1.17920 -0.21504 -0.00282 -0.00641 -0.72699 0.68661
1706352283.864300966 -0.68718 -1.18594 -0.21539 -0.00226 -0.00686 -0.72695 0.68665
1706352283.874300957 -0.68729 -1.19242 -0.21535 -0.00193 -0.00697 -0.72690 0.68671
1706352283.884300947 -0.68765 -1.19827 -0.21482 -0.00210 -0.00655 -0.72684 0.68678
1706352283.894300938 -0.68807 -1.20363 -0.21402 -0.00253 -0.00593 -0.72678 0.68685
1706352283.904300928 -0.68828 -1.20881 -0.21322 -0.00284 -0.00560 -0.72673 0.68690
1706352283.914300919 -0.68810 -1.21405 -0.21268 -0.00277 -0.00589 -0.72670 0.68693
1706352283.924300909 -0.68775 -1.21931 -0.21238 -0.00251 -0.00643 -0.72669 0.68693
1706352283.934300900 -0.68752 -1.22452 -0.21227 -0.00238 -0.00671 -0.72671 0.68690
1706352283.944300890 -0.68765 -1.22957 -0.21231 -0.00259 -0.00640 -0.72677 0.68685
1706352283.954300880 -0.68814 -1.23432 -0.21266 -0.00297 -0.00584 -0.72682 0.68679
1706352283.964301109 -0.68889 -1.23861 -0.21349 -0.00328 -0.00557 -0.72686 0.68675
1706352283.974301100 -0.68980 -1.24234 -0.21486 -0.00332 -0.00596 -0.72685 0.68676
1706352283.984301090 -0.69075 -1.24569 -0.21631 -0.00319 -0.00670 -0.72681 0.68680
1706352283.994301081 -0.69159 -1.24888 -0.21722 -0.00307 -0.00732 -0.72674 0.68686
1706352284.004301071 -0.69219 -1.25212 -0.21719 -0.00308 -0.00746 -0.72666 0.68695
1706352284.014301062 -0.69260 -1.25543 -0.21648 -0.00320 -0.00722 -0.72658 0.68703
1706352284.024301052 -0.69290 -1.25877 -0.21558 -0.00338 -0.00684 -0.72652 0.68711
1706352284.034301043 -0.69314 -1.26213 -0.21487 -0.00355 -0.00650 -0.72646 0.68716
1706352284.044301033 -0.69331 -1.26554 -0.21446 -0.00370 -0.00634 -0.72643 0.68721
1706352284.054301023 -0.69338 -1.26906 -0.21442 -0.00384 -0.00646 -0.72639 0.68724
1706352284.064301014 -0.69336 -1.27274 -0.21472 -0.00396 -0.00689 -0.72636 0.68727
1706352284.074301004 -0.69340 -1.27664 -0.21514 -0.00401 -0.00738 -0.72633 0.68729
1706352284.084300995 -0.69372 -1.28087 -0.21539 -0.00394 -0.00760 -0.72632 0.68730
1706352284.094300985 -0.69443 -1.28546 -0.21525 -0.00373 -0.00735 -0.72634 0.68729
1706352284.104300976 -0.69533 -1.29034 -0.21488 -0.00346 -0.00693 -0.72637 0.68726
1706352284.114300966 -0.69614 -1.29539 -0.21453 -0.00327 -0.00677 -0.72639 0.68724
1706352284.124300957 -0.69665 -1.30050 -0.21437 -0.00323 -0.00714 -0.72640 0.68723
1706352284.134300947 -0.69698 -1.30554 -0.21433 -0.00329 -0.00774 -0.72639 0.68724
1706352284.144300938 -0.69734 -1.31041 -0.21428 -0.00332 -0.00809 -0.72636 0.68726
1706352284.154300928 -0.69788 -1.31504 -0.21414 -0.00326 -0.00788 -0.72632 0.68731
1706352284.164300919 -0.69855 -1.31957 -0.21409 -0.00322 -0.00734 -0.72628 0.68735
1706352284.174300909 -0.69928 -1.32418 -0.21438 -0.00335 -0.00685 -0.72625 0.68739
1706352284.184300900 -0.69996 -1.32905 -0.21511 -0.00373 -0.00670 -0.72624 0.68740
1706352284.194300890 -0.70053 -1.33424 -0.21595 -0.00415 -0.00673 -0.72626 0.68737
1706352284.204300880 -0.70092 -1.33982 -0.21641 -0.00437 -0.00672 -0.72633 0.68730
1706352284.214301109 -0.70107 -1.34580 -0.21618 -0.00422 -0.00650 -0.72644 0.68719
1706352284.224301100 -0.70112 -1.35198 -0.21556 -0.00386 -0.00618 -0.72656 0.68707
1706352284.234301090 -0.70119 -1.35812 -0.21504 -0.00359 -0.00598 -0.72665 0.68697
1706352284.244301081 -0.70141 -1.36403 -0.21496 -0.00359 -0.00604 -0.72670 0.68692
1706352284.254301071 -0.70170 -1.36974 -0.21527 -0.00373 -0.00631 -0.72669 0.68693
1706352284.264301062 -0.70197 -1.37529 -0.21583 -0.00378 -0.00670 -0.72665 0.68696
1706352284.274301052 -0.70215 -1.38077 -0.21651 -0.00362 -0.00711 -0.72659 0.68703
1706352284.284301043 -0.70237 -1.38623 -0.21736 -0.00347 -0.00738 -0.72653 0.68709
1706352284.294301033 -0.70281 -1.39170 -0.21847 -0.00365 -0.00738 -0.72649 0.68713
1706352284.304301023 -0.70359 -1.39724 -0.21986 -0.00438 -0.00701 -0.72649 0.68712
1706352284.314301014 -0.70466 -1.40294 -0.22122 -0.00532 -0.00647 -0.72652 0.68709
1706352284.324301004 -0.70593 -1.40886 -0.22215 -0.00604 -0.00604 -0.72655 0.68706
1706352284.334300995 -0.70730 -1.41500 -0.22237 -0.00620 -0.00588 -0.72658 0.68703
1706352284.344300985 -0.70859 -1.42099 -0.22191 -0.00596 -0.00586 -0.72659 0.68702
1706352284.354300976 -0.70960 -1.42636 -0.22090 -0.00557 -0.00573 -0.72660 0.68701
1706352284.364300966 -0.71019 -1.43079 -0.21949 -0.00524 -0.00537 -0.72662 0.68700
1706352284.374300957 -0.71040 -1.43460 -0.21796 -0.00500 -0.00501 -0.72664 0.68698
1706352284.384300947 -0.71032 -1.43823 -0.21662 -0.00482 -0.00500 -0.72667 0.68695
1706352284.394300938 -0.71006 -1.44205 -0.21570 -0.00467 -0.00555 -0.72672 0.68690
1706352284.404300928 -0.70973 -1.44596 -0.21509 -0.00450 -0.00635 -0.72675 0.68686
1706352284.414300919 -0.70946 -1.44977 -0.21459 -0.00422 -0.00698 -0.72675 0.68685
1706352284.424300909 -0.70935 -1.45353 -0.21406 -0.00381 -0.00711 -0.72670 0.68691
1706352284.434300900 -0.70936 -1.45817 -0.21351 -0.00348 -0.00683 -0.72664 0.68698
1706352284.444300890 -0.70945 -1.46490 -0.21300 -0.00350 -0.00636 -0.72662 0.68700
1706352284.454300880 -0.70955 -1.47431 -0.21256 -0.00397 -0.00587 -0.72669 0.68693
1706352284.464301109 -0.70963 -1.48459 -0.21207 -0.00452 -0.00547 -0.72678 0.68683
1706352284.474301100 -0.70965 -1.49334 -0.21136 -0.00462 -0.00522 -0.72684 0.68677
1706352284.484301090 -0.70961 -1.49881 -0.21036 -0.00395 -0.00516 -0.72683 0.68679
1706352284.494301081 -0.70971 -1.50175 -0.20932 -0.00302 -0.00516 -0.72678 0.68684
1706352284.504301071 -0.71017 -1.50358 -0.20856 -0.00259 -0.00507 -0.72676 0.68687
1706352284.514301062 -0.71112 -1.50543 -0.20832 -0.00311 -0.00479 -0.72681 0.68682
1706352284.524301052 -0.71225 -1.50746 -0.20854 -0.00409 -0.00460 -0.72687 0.68675
1706352284.534301043 -0.71315 -1.50955 -0.20905 -0.00477 -0.00483 -0.72687 0.68674
1706352284.544301033 -0.71352 -1.51185 -0.20969 -0.00462 -0.00569 -0.72677 0.68684
1706352284.554301023 -0.71355 -1.51554 -0.21031 -0.00393 -0.00672 -0.72662 0.68699
1706352284.564301014 -0.71352 -1.52205 -0.21073 -0.00325 -0.00734 -0.72653 0.68709
1706352284.574301004 -0.71368 -1.53211 -0.21083 -0.00295 -0.00714 -0.72656 0.68706
1706352284.584300995 -0.71398 -1.54360 -0.21068 -0.00288 -0.00653 -0.72666 0.68695
1706352284.594300985 -0.71430 -1.55368 -0.21040 -0.00278 -0.00612 -0.72676 0.68686
1706352284.604300976 -0.71459 -1.56022 -0.21008 -0.00244 -0.00633 -0.72678 0.68683
1706352284.614300966 -0.71496 -1.56386 -0.20975 -0.00201 -0.00679 -0.72675 0.68686
1706352284.624300957 -0.71559 -1.56591 -0.20944 -0.00170 -0.00695 -0.72670 0.68692
1706352284.634300947 -0.71657 -1.56754 -0.20917 -0.00168 -0.00643 -0.72666 0.68697
1706352284.644300938 -0.71769 -1.56909 -0.20912 -0.00181 -0.00568 -0.72660 0.68703
1706352284.654300928 -0.71870 -1.57077 -0.20945 -0.00186 -0.00535 -0.72651 0.68713
1706352284.664300919 -0.71940 -1.57287 -0.21025 -0.00171 -0.00582 -0.72638 0.68727
1706352284.674300909 -0.71990 -1.57622 -0.21111 -0.00152 -0.00662 -0.72623 0.68742
1706352284.684300900 -0.72042 -1.58177 -0.21153 -0.00153 -0.00701 -0.72611 0.68754
1706352284.694300890 -0.72111 -1.58999 -0.21119 -0.00188 -0.00651 -0.72606 0.68760
1706352284.704300880 -0.72182 -1.59939 -0.21045 -0.00238 -0.00564 -0.72604 0.68762
1706352284.714301109 -0.72237 -1.60801 -0.20987 -0.00275 -0.00516 -0.72603 0.68764
1706352284.724301100 -0.72262 -1.61434 -0.20986 -0.00277 -0.00558 -0.72598 0.68768
1706352284.734301090 -0.72267 -1.61869 -0.21026 -0.00243 -0.00652 -0.72592 0.68774
1706352284.744301081 -0.72269 -1.62184 -0.21075 -0.00177 -0.00736 -0.72586 0.68780
1706352284.754301071 -0.72280 -1.62448 -0.21114 -0.00090 -0.00762 -0.72582 0.68784
1706352284.764301062 -0.72302 -1.62699 -0.21162 -0.00006 -0.00753 -0.72581 0.68786
1706352284.774301052 -0.72335 -1.62965 -0.21250 0.00045 -0.00747 -0.72583 0.68783
1706352284.784301043 -0.72378 -1.63267 -0.21392 0.00043 -0.00771 -0.72590 0.68775
1706352284.794301033 -0.72427 -1.63594 -0.21541 -0.00006 -0.00800 -0.72598 0.68767
1706352284.804301023 -0.72482 -1.63928 -0.21629 -0.00086 -0.00798 -0.72604 0.68761
1706352284.814301014 -0.72539 -1.64252 -0.21613 -0.00181 -0.00742 -0.72604 0.68762
1706352284.824301004 -0.72589 -1.64561 -0.21528 -0.00273 -0.00662 -0.72599 0.68767
1706352284.834300995 -0.72624 -1.64852 -0.21430 -0.00342 -0.00601 -0.72591 0.68775
1706352284.844300985 -0.72636 -1.65125 -0.21365 -0.00373 -0.00590 -0.72582 0.68785
1706352284.854300976 -0.72633 -1.65379 -0.21330 -0.00369 -0.00612 -0.72572 0.68795
1706352284.864300966 -0.72624 -1.65615 -0.21310 -0.00338 -0.00636 -0.72561 0.68806
1706352284.874300957 -0.72620 -1.65837 -0.21297 -0.00291 -0.00638 -0.72550 0.68818
1706352284.884300947 -0.72624 -1.66053 -0.21300 -0.00247 -0.00623 -0.72540 0.68829
1706352284.894300938 -0.72639 -1.66278 -0.21336 -0.00231 -0.00602 -0.72532 0.68838
1706352284.904300928 -0.72668 -1.66515 -0.21409 -0.00254 -0.00586 -0.72528 0.68842
1706352284.914300919 -0.72705 -1.66735 -0.21487 -0.00288 -0.00579 -0.72527 0.68843
1706352284.924300909 -0.72746 -1.66901 -0.21526 -0.00295 -0.00586 -0.72528 0.68843
1706352284.934300900 -0.72783 -1.66989 -0.21497 -0.00249 -0.00607 -0.72529 0.68842
1706352284.944300890 -0.72817 -1.67035 -0.21420 -0.00188 -0.00628 -0.72529 0.68841
1706352284.954300880 -0.72845 -1.67092 -0.21327 -0.00162 -0.00632 -0.72529 0.68841
1706352284.964301109 -0.72865 -1.67199 -0.21244 -0.00205 -0.00608 -0.72529 0.68842
1706352284.974301100 -0.72863 -1.67344 -0.21175 -0.00275 -0.00580 -0.72527 0.68843
1706352284.984301090 -0.72820 -1.67506 -0.21116 -0.00315 -0.00579 -0.72526 0.68844
1706352284.994301081 -0.72730 -1.67665 -0.21066 -0.00283 -0.00625 -0.72527 0.68843
1706352285.004301071 -0.72617 -1.67822 -0.21028 -0.00215 -0.00687 -0.72530 0.68840
1706352285.014301062 -0.72515 -1.67982 -0.21010 -0.00165 -0.00726 -0.72535 0.68834
1706352285.024301052 -0.72455 -1.68142 -0.21017 -0.00173 -0.00715 -0.72543 0.68826
1706352285.034301043 -0.72449 -1.68281 -0.21066 -0.00211 -0.00681 -0.72554 0.68815
1706352285.044301033 -0.72510 -1.68370 -0.21170 -0.00236 -0.00664 -0.72566 0.68802
1706352285.054301023 -0.72638 -1.68401 -0.21334 -0.00219 -0.00690 -0.72579 0.68787
1706352285.064301014 -0.72805 -1.68450 -0.21505 -0.00185 -0.00730 -0.72591 0.68775
1706352285.074301004 -0.72973 -1.68614 -0.21622 -0.00172 -0.00739 -0.72597 0.68769
1706352285.084300995 -0.73110 -1.68964 -0.21638 -0.00207 -0.00689 -0.72596 0.68770
1706352285.094300985 -0.73207 -1.69465 -0.21586 -0.00271 -0.00617 -0.72591 0.68776
1706352285.104300976 -0.73261 -1.70059 -0.21519 -0.00330 -0.00578 -0.72586 0.68781
1706352285.114300966 -0.73273 -1.70690 -0.21476 -0.00359 -0.00609 -0.72584 0.68783
1706352285.124300957 -0.73258 -1.71333 -0.21455 -0.00354 -0.00681 -0.72585 0.68781
1706352285.134300947 -0.73234 -1.71966 -0.21439 -0.00319 -0.00747 -0.72586 0.68779
1706352285.144300938 -0.73218 -1.72595 -0.21412 -0.00259 -0.00771 -0.72587 0.68778
1706352285.154300928 -0.73214 -1.73329 -0.21352 -0.00201 -0.00751 -0.72592 0.68774
1706352285.164300919 -0.73226 -1.74303 -0.21234 -0.00173 -0.00693 -0.72605 0.68760
1706352285.174300909 -0.73251 -1.75579 -0.21049 -0.00193 -0.00610 -0.72631 0.68734
1706352285.184300900 -0.73276 -1.76913 -0.20846 -0.00237 -0.00539 -0.72661 0.68702
1706352285.194300890 -0.73285 -1.77990 -0.20689 -0.00266 -0.00525 -0.72687 0.68675
1706352285.204300880 -0.73267 -1.78574 -0.20624 -0.00255 -0.00594 -0.72700 0.68660
1706352285.214301109 -0.73246 -1.78762 -0.20627 -0.00221 -0.00688 -0.72705 0.68655
1706352285.224301100 -0.73253 -1.78732 -0.20654 -0.00190 -0.00735 -0.72706 0.68653
1706352285.234301090 -0.73308 -1.78637 -0.20675 -0.00182 -0.00686 -0.72708 0.68651
1706352285.244301081 -0.73383 -1.78531 -0.20708 -0.00188 -0.00601 -0.72712 0.68648
1706352285.254301071 -0.73439 -1.78443 -0.20783 -0.00189 -0.00568 -0.72717 0.68643
1706352285.264301062 -0.73451 -1.78432 -0.20913 -0.00174 -0.00641 -0.72723 0.68636
1706352285.274301052 -0.73461 -1.78683 -0.21048 -0.00159 -0.00742 -0.72733 0.68624
1706352285.284301043 -0.73526 -1.79410 -0.21120 -0.00162 -0.00762 -0.72750 0.68607
1706352285.294301033 -0.73678 -1.80725 -0.21085 -0.00196 -0.00634 -0.72774 0.68582
1706352285.304301023 -0.73858 -1.82327 -0.20994 -0.00229 -0.00465 -0.72798 0.68558
1706352285.314301014 -0.73982 -1.83816 -0.20920 -0.00223 -0.00404 -0.72813 0.68542
1706352285.324301004 -0.73993 -1.84880 -0.20918 -0.00155 -0.00550 -0.72812 0.68543
1706352285.334300995 -0.73944 -1.85584 -0.20966 -0.00058 -0.00802 -0.72799 0.68554
1706352285.344300985 -0.73913 -1.86081 -0.21025 0.00015 -0.01009 -0.72783 0.68568
1706352285.354300976 -0.73962 -1.86504 -0.21066 0.00028 -0.01056 -0.72771 0.68580
1706352285.364300966 -0.74071 -1.86893 -0.21094 0.00003 -0.00975 -0.72765 0.68588
1706352285.374300957 -0.74199 -1.87262 -0.21124 -0.00027 -0.00840 -0.72762 0.68592
1706352285.384300947 -0.74317 -1.87620 -0.21174 -0.00038 -0.00710 -0.72764 0.68592
1706352285.394300938 -0.74438 -1.87944 -0.21270 -0.00056 -0.00607 -0.72769 0.68588
1706352285.404300928 -0.74583 -1.88202 -0.21447 -0.00115 -0.00540 -0.72774 0.68583
1706352285.414300919 -0.74768 -1.88370 -0.21720 -0.00236 -0.00514 -0.72779 0.68578
1706352285.424300909 -0.74975 -1.88458 -0.22057 -0.00374 -0.00513 -0.72785 0.68571
1706352285.434300900 -0.75176 -1.88482 -0.22410 -0.00467 -0.00516 -0.72795 0.68560
1706352285.444300890 -0.75351 -1.88462 -0.22745 -0.00472 -0.00512 -0.72809 0.68545
1706352285.454300880 -0.75497 -1.88435 -0.23092 -0.00422 -0.00541 -0.72823 0.68530
1706352285.464301109 -0.75617 -1.88437 -0.23494 -0.00367 -0.00652 -0.72831 0.68520
1706352285.474301100 -0.75730 -1.88491 -0.23973 -0.00356 -0.00852 -0.72829 0.68521
1706352285.484301090 -0.75913 -1.88542 -0.24475 -0.00424 -0.00972 -0.72815 0.68534
