1706352273.574296236 -0.29563 -0.01799 -0.27063 -0.01045 0.00364 0.00004 0.99994
1706352273.584296227 -0.29563 -0.01799 -0.27063 -0.01045 0.00364 0.00004 0.99994
1706352273.594296217 -0.29563 -0.01799 -0.27063 -0.01045 0.00364 0.00004 0.99994
1706352273.604296207 -0.29563 -0.01799 -0.27063 -0.01045 0.00364 0.00004 0.99994
1706352273.614296198 -0.29563 -0.01797 -0.27061 -0.01045 0.00364 0.00004 0.99994
1706352273.624296188 -0.29559 -0.01786 -0.27045 -0.01045 0.00364 0.00005 0.99994
1706352273.634296179 -0.29549 -0.01754 -0.27002 -0.01044 0.00364 0.00007 0.99994
1706352273.644296169 -0.29530 -0.01697 -0.26917 -0.01044 0.00363 0.00011 0.99994
1706352273.654296160 -0.29506 -0.01627 -0.26772 -0.01043 0.00363 0.00016 0.99994
1706352273.664296150 -0.29481 -0.01563 -0.26546 -0.01042 0.00362 0.00020 0.99994
1706352273.674296141 -0.29459 -0.01518 -0.26234 -0.01042 0.00360 0.00022 0.99994
1706352273.684296131 -0.29440 -0.01489 -0.25885 -0.01041 0.00358 0.00024 0.99994
1706352273.694296122 -0.29422 -0.01468 -0.25558 -0.01040 0.00356 0.00024 0.99994
1706352273.704296350 -0.29405 -0.01449 -0.25306 -0.01038 0.00354 0.00025 0.99994
1706352273.714296341 -0.29388 -0.01429 -0.25140 -0.01037 0.00352 0.00025 0.99994
1706352273.724296331 -0.29371 -0.01410 -0.25059 -0.01036 0.00349 0.00026 0.99994
1706352273.734296322 -0.29355 -0.01392 -0.25068 -0.01034 0.00347 0.00027 0.99994
1706352273.744296312 -0.29349 -0.01379 -0.25188 -0.01032 0.00346 0.00027 0.99994
1706352273.754296303 -0.29359 -0.01376 -0.25446 -0.01028 0.00347 0.00027 0.99994
1706352273.764296293 -0.29391 -0.01387 -0.25837 -0.01023 0.00352 0.00024 0.99994
1706352273.774296284 -0.29429 -0.01409 -0.26247 -0.01016 0.00358 0.00021 0.99994
1706352273.784296274 -0.29456 -0.01437 -0.26533 -0.01010 0.00363 0.00019 0.99994
1706352273.794296265 -0.29458 -0.01468 -0.26588 -0.01006 0.00366 0.00018 0.99994
1706352273.804296255 -0.29440 -0.01502 -0.26456 -0.01003 0.00365 0.00018 0.99994
1706352273.814296246 -0.29409 -0.01540 -0.26219 -0.01000 0.00363 0.00020 0.99994
1706352273.824296236 -0.29375 -0.01582 -0.25952 -0.00999 0.00361 0.00021 0.99994
1706352273.834296227 -0.29340 -0.01627 -0.25698 -0.00998 0.00359 0.00023 0.99994
1706352273.844296217 -0.29304 -0.01673 -0.25493 -0.00996 0.00357 0.00024 0.99994
1706352273.854296207 -0.29270 -0.01715 -0.25373 -0.00994 0.00355 0.00025 0.99994
1706352273.864296198 -0.29239 -0.01732 -0.25377 -0.00993 0.00353 0.00027 0.99994
1706352273.874296188 -0.29216 -0.01698 -0.25542 -0.00997 0.00348 0.00029 0.99994
1706352273.884296179 -0.29203 -0.01602 -0.25875 -0.01006 0.00341 0.00032 0.99994
1706352273.894296169 -0.29194 -0.01480 -0.26258 -0.01019 0.00332 0.00037 0.99994
1706352273.904296160 -0.29184 -0.01379 -0.26541 -0.01031 0.00324 0.00042 0.99994
1706352273.914296150 -0.29167 -0.01335 -0.26613 -0.01040 0.00320 0.00046 0.99994
1706352273.924296141 -0.29144 -0.01341 -0.26509 -0.01046 0.00317 0.00051 0.99994
1706352273.934296131 -0.29118 -0.01375 -0.26305 -0.01053 0.00314 0.00056 0.99994
1706352273.944296122 -0.29091 -0.01421 -0.26066 -0.01060 0.00310 0.00061 0.99994
1706352273.954296350 -0.29063 -0.01471 -0.25837 -0.01067 0.00305 0.00067 0.99994
1706352273.964296341 -0.29035 -0.01523 -0.25655 -0.01074 0.00301 0.00072 0.99994
1706352273.974296331 -0.29013 -0.01573 -0.25554 -0.01080 0.00299 0.00076 0.99994
1706352273.984296322 -0.29015 -0.01613 -0.25557 -0.01081 0.00299 0.00076 0.99994
1706352273.994296312 -0.29063 -0.01634 -0.25685 -0.01075 0.00303 0.00071 0.99994
1706352274.004296303 -0.29168 -0.01631 -0.25937 -0.01061 0.00310 0.00059 0.99994
1706352274.014296293 -0.29295 -0.01614 -0.26221 -0.01042 0.00317 0.00046 0.99994
1706352274.024296284 -0.29396 -0.01599 -0.26424 -0.01026 0.00323 0.00035 0.99994
1706352274.034296274 -0.29436 -0.01599 -0.26464 -0.01017 0.00326 0.00033 0.99994
1706352274.044296265 -0.29426 -0.01611 -0.26369 -0.01015 0.00327 0.00036 0.99994
1706352274.054296255 -0.29388 -0.01631 -0.26198 -0.01015 0.00328 0.00042 0.99994
1706352274.064296246 -0.29341 -0.01654 -0.26007 -0.01017 0.00330 0.00047 0.99994
1706352274.074296236 -0.29291 -0.01680 -0.25833 -0.01019 0.00332 0.00051 0.99994
1706352274.084296227 -0.29238 -0.01707 -0.25710 -0.01021 0.00334 0.00056 0.99994
1706352274.094296217 -0.29187 -0.01732 -0.25670 -0.01023 0.00334 0.00062 0.99994
1706352274.104296207 -0.29152 -0.01735 -0.25734 -0.01025 0.00332 0.00065 0.99994
1706352274.114296198 -0.29150 -0.01693 -0.25921 -0.01028 0.00327 0.00064 0.99994
1706352274.124296188 -0.29188 -0.01593 -0.26227 -0.01031 0.00320 0.00056 0.99994
1706352274.134296179 -0.29247 -0.01462 -0.26561 -0.01035 0.00310 0.00044 0.99994
1706352274.144296169 -0.29296 -0.01336 -0.26812 -0.01039 0.00303 0.00033 0.99994
1706352274.154296160 -0.29314 -0.01246 -0.26895 -0.01043 0.00297 0.00027 0.99994
1706352274.164296150 -0.29304 -0.01185 -0.26843 -0.01046 0.00294 0.00025 0.99994
1706352274.174296141 -0.29280 -0.01140 -0.26719 -0.01049 0.00291 0.00025 0.99994
1706352274.184296131 -0.29251 -0.01099 -0.26578 -0.01052 0.00287 0.00026 0.99994
1706352274.194296122 -0.29220 -0.01059 -0.26457 -0.01055 0.00283 0.00027 0.99994
1706352274.204296350 -0.29189 -0.01020 -0.26388 -0.01058 0.00280 0.00027 0.99994
1706352274.214296341 -0.29158 -0.00986 -0.26394 -0.01061 0.00277 0.00028 0.99994
1706352274.224296331 -0.29124 -0.00977 -0.26472 -0.01062 0.00277 0.00028 0.99994
1706352274.234296322 -0.29082 -0.01015 -0.26610 -0.01059 0.00279 0.00030 0.99994
1706352274.244296312 -0.29031 -0.01116 -0.26788 -0.01050 0.00284 0.00034 0.99994
1706352274.254296303 -0.28973 -0.01248 -0.26954 -0.01038 0.00291 0.00040 0.99994
1706352274.264296293 -0.28916 -0.01371 -0.27046 -0.01026 0.00295 0.00045 0.99994
1706352274.274296284 -0.28862 -0.01453 -0.27020 -0.01019 0.00297 0.00049 0.99994
1706352274.284296274 -0.28812 -0.01505 -0.26896 -0.01015 0.00296 0.00053 0.99994
1706352274.294296265 -0.28765 -0.01546 -0.26711 -0.01014 0.00295 0.00056 0.99994
1706352274.304296255 -0.28722 -0.01594 -0.26501 -0.01015 0.00295 0.00060 0.99994
1706352274.314296246 -0.28679 -0.01647 -0.26303 -0.01016 0.00295 0.00065 0.99994
1706352274.324296236 -0.28638 -0.01703 -0.26152 -0.01016 0.00295 0.00068 0.99994
1706352274.334296227 -0.28601 -0.01760 -0.26085 -0.01015 0.00294 0.00071 0.99994
1706352274.344296217 -0.28597 -0.01827 -0.26137 -0.01012 0.00297 0.00071 0.99994
1706352274.354296207 -0.28655 -0.01915 -0.26341 -0.01009 0.00306 0.00070 0.99994
1706352274.364296198 -0.28794 -0.02029 -0.26702 -0.01006 0.00326 0.00067 0.99994
1706352274.374296188 -0.28965 -0.02142 -0.27104 -0.01005 0.00351 0.00064 0.99994
1706352274.384296179 -0.29105 -0.02221 -0.27398 -0.01004 0.00373 0.00062 0.99994
1706352274.394296169 -0.29168 -0.02241 -0.27475 -0.01006 0.00386 0.00063 0.99994
1706352274.404296160 -0.29167 -0.02208 -0.27371 -0.01007 0.00392 0.00066 0.99994
1706352274.414296150 -0.29134 -0.02138 -0.27160 -0.01008 0.00393 0.00071 0.99994
1706352274.424296141 -0.29094 -0.02046 -0.26908 -0.01006 0.00391 0.00077 0.99994
1706352274.434296131 -0.29052 -0.01940 -0.26659 -0.01003 0.00389 0.00084 0.99994
1706352274.444296122 -0.29011 -0.01828 -0.26453 -0.01001 0.00388 0.00090 0.99994
1706352274.454296350 -0.28975 -0.01719 -0.26323 -0.01001 0.00388 0.00096 0.99994
1706352274.464296341 -0.28958 -0.01627 -0.26291 -0.01002 0.00389 0.00099 0.99994
1706352274.474296331 -0.28980 -0.01566 -0.26374 -0.01002 0.00387 0.00096 0.99994
1706352274.484296322 -0.29048 -0.01544 -0.26570 -0.01001 0.00383 0.00084 0.99994
1706352274.494296312 -0.29135 -0.01543 -0.26793 -0.00999 0.00376 0.00069 0.99994
1706352274.504296303 -0.29203 -0.01537 -0.26935 -0.00998 0.00370 0.00056 0.99994
1706352274.514296293 -0.29222 -0.01508 -0.26918 -0.00999 0.00366 0.00050 0.99994
1706352274.524296284 -0.29203 -0.01456 -0.26765 -0.01001 0.00364 0.00050 0.99994
1706352274.534296274 -0.29163 -0.01390 -0.26530 -0.01004 0.00362 0.00053 0.99994
1706352274.544296265 -0.29118 -0.01316 -0.26261 -0.01006 0.00361 0.00056 0.99994
1706352274.554296255 -0.29072 -0.01237 -0.25999 -0.01008 0.00359 0.00059 0.99994
1706352274.564296246 -0.29025 -0.01156 -0.25780 -0.01010 0.00358 0.00063 0.99994
1706352274.574296236 -0.28984 -0.01076 -0.25646 -0.01012 0.00357 0.00065 0.99994
1706352274.584296227 -0.28972 -0.01006 -0.25656 -0.01013 0.00355 0.00066 0.99994
1706352274.594296217 -0.29019 -0.00956 -0.25872 -0.01014 0.00353 0.00064 0.99994
1706352274.604296207 -0.29138 -0.00930 -0.26313 -0.01013 0.00350 0.00057 0.99994
1706352274.614296198 -0.29287 -0.00919 -0.26830 -0.01012 0.00346 0.00050 0.99994
1706352274.624296188 -0.29405 -0.00910 -0.27234 -0.01012 0.00343 0.00045 0.99994
1706352274.634296179 -0.29448 -0.00891 -0.27380 -0.01013 0.00340 0.00046 0.99994
1706352274.644296169 -0.29430 -0.00867 -0.27312 -0.01015 0.00338 0.00051 0.99994
1706352274.654296160 -0.29377 -0.00843 -0.27121 -0.01018 0.00334 0.00060 0.99994
1706352274.664296150 -0.29313 -0.00825 -0.26891 -0.01020 0.00329 0.00069 0.99994
1706352274.674296141 -0.29244 -0.00810 -0.26667 -0.01022 0.00324 0.00079 0.99994
1706352274.684296131 -0.29174 -0.00798 -0.26486 -0.01024 0.00318 0.00089 0.99994
1706352274.694296122 -0.29109 -0.00788 -0.26380 -0.01024 0.00315 0.00096 0.99994
1706352274.704296350 -0.29075 -0.00797 -0.26372 -0.01025 0.00314 0.00098 0.99994
1706352274.714296341 -0.29099 -0.00844 -0.26480 -0.01026 0.00316 0.00091 0.99994
1706352274.724296331 -0.29197 -0.00939 -0.26700 -0.01028 0.00321 0.00072 0.99994
1706352274.734296322 -0.29327 -0.01052 -0.26951 -0.01030 0.00329 0.00048 0.99994
1706352274.744296312 -0.29434 -0.01144 -0.27128 -0.01032 0.00335 0.00027 0.99994
1706352274.754296303 -0.29475 -0.01186 -0.27154 -0.01033 0.00340 0.00015 0.99994
1706352274.764296293 -0.29461 -0.01191 -0.27056 -0.01034 0.00342 0.00011 0.99994
1706352274.774296284 -0.29418 -0.01180 -0.26883 -0.01035 0.00344 0.00012 0.99994
1706352274.784296274 -0.29367 -0.01171 -0.26685 -0.01039 0.00347 0.00014 0.99994
1706352274.794296265 -0.29312 -0.01165 -0.26499 -0.01043 0.00349 0.00016 0.99994
1706352274.804296255 -0.29256 -0.01162 -0.26359 -0.01048 0.00352 0.00019 0.99994
1706352274.814296246 -0.29202 -0.01154 -0.26294 -0.01050 0.00354 0.00021 0.99994
1706352274.824296236 -0.29165 -0.01123 -0.26310 -0.01050 0.00357 0.00023 0.99994
1706352274.834296227 -0.29163 -0.01047 -0.26409 -0.01046 0.00359 0.00028 0.99994
1706352274.844296217 -0.29203 -0.00915 -0.26580 -0.01038 0.00362 0.00036 0.99994
1706352274.854296207 -0.29261 -0.00760 -0.26770 -0.01030 0.00365 0.00046 0.99994
1706352274.864296198 -0.29306 -0.00623 -0.26914 -0.01025 0.00370 0.00054 0.99994
1706352274.874296188 -0.29312 -0.00537 -0.26963 -0.01024 0.00375 0.00060 0.99994
1706352274.884296179 -0.29285 -0.00495 -0.26940 -0.01026 0.00382 0.00064 0.99994
1706352274.894296169 -0.29240 -0.00477 -0.26881 -0.01030 0.00389 0.00068 0.99994
1706352274.904296160 -0.29189 -0.00468 -0.26825 -0.01033 0.00397 0.00071 0.99994
1706352274.914296150 -0.29135 -0.00464 -0.26797 -0.01036 0.00405 0.00074 0.99994
1706352274.924296141 -0.29079 -0.00462 -0.26823 -0.01039 0.00413 0.00078 0.99994
1706352274.934296131 -0.29028 -0.00467 -0.26919 -0.01043 0.00420 0.00080 0.99994
1706352274.944296122 -0.29005 -0.00503 -0.27067 -0.01045 0.00424 0.00080 0.99994
1706352274.954296350 -0.29038 -0.00599 -0.27238 -0.01041 0.00424 0.00077 0.99994
1706352274.964296341 -0.29142 -0.00769 -0.27404 -0.01031 0.00419 0.00070 0.99994
1706352274.974296331 -0.29274 -0.00973 -0.27530 -0.01018 0.00413 0.00061 0.99994
1706352274.984296322 -0.29379 -0.01154 -0.27583 -0.01005 0.00410 0.00054 0.99994
1706352274.994296312 -0.29413 -0.01271 -0.27541 -0.00997 0.00413 0.00051 0.99994
1706352275.004296303 -0.29389 -0.01338 -0.27418 -0.00992 0.00420 0.00052 0.99994
1706352275.014296293 -0.29328 -0.01385 -0.27240 -0.00990 0.00428 0.00055 0.99994
1706352275.024296284 -0.29253 -0.01436 -0.27035 -0.00988 0.00435 0.00058 0.99994
1706352275.034296274 -0.29171 -0.01492 -0.26837 -0.00987 0.00442 0.00062 0.99994
1706352275.044296265 -0.29085 -0.01551 -0.26680 -0.00985 0.00449 0.00065 0.99994
1706352275.054296255 -0.29006 -0.01608 -0.26596 -0.00982 0.00457 0.00068 0.99994
1706352275.064296246 -0.28962 -0.01646 -0.26601 -0.00979 0.00461 0.00069 0.99994
1706352275.074296236 -0.28986 -0.01648 -0.26707 -0.00981 0.00456 0.00065 0.99994
1706352275.084296227 -0.29096 -0.01602 -0.26909 -0.00987 0.00437 0.00055 0.99994
1706352275.094296217 -0.29246 -0.01524 -0.27132 -0.00996 0.00412 0.00044 0.99994
1706352275.104296207 -0.29376 -0.01434 -0.27283 -0.01006 0.00392 0.00034 0.99994
1706352275.114296198 -0.29439 -0.01352 -0.27291 -0.01013 0.00385 0.00029 0.99994
1706352275.124296188 -0.29446 -0.01274 -0.27181 -0.01018 0.00387 0.00028 0.99994
1706352275.134296179 -0.29421 -0.01195 -0.26998 -0.01022 0.00394 0.00029 0.99994
1706352275.144296169 -0.29386 -0.01109 -0.26788 -0.01025 0.00402 0.00031 0.99994
1706352275.154296160 -0.29348 -0.01018 -0.26586 -0.01027 0.00409 0.00033 0.99994
1706352275.164296150 -0.29307 -0.00926 -0.26426 -0.01030 0.00416 0.00034 0.99994
1706352275.174296141 -0.29269 -0.00844 -0.26340 -0.01034 0.00423 0.00035 0.99994
1706352275.184296131 -0.29247 -0.00828 -0.26338 -0.01035 0.00427 0.00035 0.99994
1706352275.194296122 -0.29257 -0.00942 -0.26430 -0.01032 0.00425 0.00033 0.99994
1706352275.204296350 -0.29307 -0.01215 -0.26608 -0.01022 0.00417 0.00030 0.99994
1706352275.214296341 -0.29373 -0.01548 -0.26803 -0.01010 0.00405 0.00027 0.99994
1706352275.224296331 -0.29424 -0.01808 -0.26932 -0.01002 0.00395 0.00027 0.99994
1706352275.234296322 -0.29437 -0.01894 -0.26931 -0.01001 0.00391 0.00031 0.99994
1706352275.244296312 -0.29418 -0.01835 -0.26822 -0.01005 0.00391 0.00038 0.99994
1706352275.254296303 -0.29380 -0.01690 -0.26648 -0.01010 0.00393 0.00047 0.99994
1706352275.264296293 -0.29336 -0.01512 -0.26449 -0.01013 0.00395 0.00055 0.99994
1706352275.274296284 -0.29290 -0.01318 -0.26260 -0.01015 0.00396 0.00063 0.99994
1706352275.284296274 -0.29243 -0.01116 -0.26113 -0.01019 0.00399 0.00070 0.99994
1706352275.294296265 -0.29198 -0.00917 -0.26036 -0.01025 0.00403 0.00075 0.99994
1706352275.304296255 -0.29155 -0.00731 -0.26038 -0.01030 0.00401 0.00078 0.99994
1706352275.314296246 -0.29113 -0.00573 -0.26125 -0.01030 0.00384 0.00080 0.99994
1706352275.324296236 -0.29073 -0.00451 -0.26286 -0.01024 0.00346 0.00080 0.99994
1706352275.334296227 -0.29032 -0.00353 -0.26458 -0.01013 0.00298 0.00080 0.99994
1706352275.344296217 -0.28986 -0.00266 -0.26560 -0.01004 0.00256 0.00081 0.99995
1706352275.354296207 -0.28934 -0.00177 -0.26535 -0.00999 0.00231 0.00084 0.99995
1706352275.364296198 -0.28876 -0.00087 -0.26404 -0.00997 0.00221 0.00088 0.99995
1706352275.374296188 -0.28814 0.00002 -0.26210 -0.00997 0.00218 0.00093 0.99995
1706352275.384296179 -0.28749 0.00085 -0.25994 -0.00998 0.00218 0.00098 0.99995
1706352275.394296169 -0.28682 0.00165 -0.25790 -0.00998 0.00218 0.00104 0.99995
1706352275.404296160 -0.28614 0.00241 -0.25630 -0.01000 0.00218 0.00109 0.99995
1706352275.414296150 -0.28553 0.00305 -0.25546 -0.01002 0.00218 0.00113 0.99995
1706352275.424296141 -0.28536 0.00300 -0.25574 -0.01004 0.00222 0.00114 0.99995
1706352275.434296131 -0.28605 0.00161 -0.25746 -0.01004 0.00237 0.00111 0.99995
1706352275.444296122 -0.28783 -0.00148 -0.26070 -0.01003 0.00263 0.00102 0.99995
1706352275.454296350 -0.29008 -0.00526 -0.26443 -0.01000 0.00296 0.00092 0.99995
1706352275.464296341 -0.29196 -0.00838 -0.26733 -0.00997 0.00327 0.00083 0.99994
1706352275.474296331 -0.29284 -0.00984 -0.26844 -0.00996 0.00348 0.00080 0.99994
1706352275.484296322 -0.29292 -0.00996 -0.26810 -0.00996 0.00362 0.00082 0.99994
1706352275.494296312 -0.29259 -0.00936 -0.26699 -0.00997 0.00374 0.00084 0.99994
1706352275.504296303 -0.29217 -0.00859 -0.26572 -0.00998 0.00387 0.00084 0.99994
1706352275.514296293 -0.29173 -0.00776 -0.26464 -0.00999 0.00401 0.00083 0.99994
1706352275.524296284 -0.29128 -0.00690 -0.26404 -0.00998 0.00414 0.00082 0.99994
1706352275.534296274 -0.29085 -0.00607 -0.26414 -0.00996 0.00424 0.00080 0.99994
1706352275.544296265 -0.29056 -0.00536 -0.26487 -0.00993 0.00428 0.00077 0.99994
1706352275.554296255 -0.29056 -0.00493 -0.26612 -0.00990 0.00421 0.00072 0.99994
1706352275.564296246 -0.29092 -0.00486 -0.26769 -0.00988 0.00400 0.00065 0.99994
1706352275.574296236 -0.29150 -0.00498 -0.26911 -0.00987 0.00373 0.00058 0.99994
1706352275.584296227 -0.29207 -0.00508 -0.26986 -0.00988 0.00350 0.00054 0.99994
1706352275.594296217 -0.29246 -0.00502 -0.26955 -0.00991 0.00337 0.00055 0.99995
1706352275.604296207 -0.29272 -0.00480 -0.26835 -0.00995 0.00332 0.00059 0.99994
1706352275.614296198 -0.29294 -0.00450 -0.26661 -0.00998 0.00331 0.00063 0.99994
1706352275.624296188 -0.29318 -0.00418 -0.26466 -0.01000 0.00330 0.00067 0.99994
1706352275.634296179 -0.29346 -0.00386 -0.26282 -0.01000 0.00329 0.00070 0.99994
1706352275.644296169 -0.29375 -0.00356 -0.26140 -0.01002 0.00327 0.00073 0.99994
1706352275.654296160 -0.29412 -0.00332 -0.26070 -0.01005 0.00325 0.00075 0.99994
1706352275.664296150 -0.29490 -0.00336 -0.26095 -0.01006 0.00324 0.00075 0.99994
1706352275.674296141 -0.29653 -0.00392 -0.26238 -0.01002 0.00326 0.00070 0.99994
1706352275.684296131 -0.29919 -0.00515 -0.26498 -0.00990 0.00331 0.00060 0.99995
1706352275.694296122 -0.30231 -0.00673 -0.26785 -0.00974 0.00337 0.00047 0.99995
1706352275.704296350 -0.30508 -0.00820 -0.26990 -0.00959 0.00342 0.00037 0.99995
1706352275.714296341 -0.30691 -0.00924 -0.27029 -0.00950 0.00344 0.00033 0.99995
1706352275.724296331 -0.30796 -0.00996 -0.26932 -0.00945 0.00344 0.00035 0.99995
1706352275.734296322 -0.30861 -0.01058 -0.26754 -0.00941 0.00345 0.00038 0.99995
1706352275.744296312 -0.30914 -0.01126 -0.26548 -0.00937 0.00349 0.00041 0.99995
1706352275.754296303 -0.30965 -0.01203 -0.26351 -0.00932 0.00353 0.00043 0.99995
1706352275.764296293 -0.31013 -0.01284 -0.26195 -0.00928 0.00357 0.00043 0.99995
1706352275.774296284 -0.31060 -0.01361 -0.26108 -0.00925 0.00359 0.00042 0.99995
1706352275.784296274 -0.31110 -0.01408 -0.26094 -0.00926 0.00356 0.00040 0.99995
1706352275.794296265 -0.31162 -0.01394 -0.26155 -0.00933 0.00347 0.00038 0.99995
1706352275.804296255 -0.31220 -0.01300 -0.26278 -0.00947 0.00330 0.00035 0.99995
1706352275.814296246 -0.31283 -0.01152 -0.26409 -0.00964 0.00312 0.00033 0.99995
1706352275.824296236 -0.31349 -0.00990 -0.26479 -0.00979 0.00299 0.00030 0.99995
1706352275.834296227 -0.31417 -0.00843 -0.26440 -0.00990 0.00296 0.00028 0.99995
1706352275.844296217 -0.31486 -0.00708 -0.26311 -0.00997 0.00302 0.00025 0.99995
1706352275.854296207 -0.31556 -0.00574 -0.26128 -0.01001 0.00310 0.00022 0.99995
1706352275.864296198 -0.31624 -0.00432 -0.25928 -0.01005 0.00318 0.00019 0.99994
1706352275.874296188 -0.31693 -0.00283 -0.25741 -0.01009 0.00325 0.00015 0.99994
1706352275.884296179 -0.31762 -0.00133 -0.25595 -0.01013 0.00332 0.00012 0.99994
1706352275.894296169 -0.31834 0.00004 -0.25515 -0.01016 0.00338 0.00008 0.99994
1706352275.904296160 -0.31922 0.00056 -0.25495 -0.01017 0.00342 0.00001 0.99994
1706352275.914296150 -0.32039 -0.00059 -0.25524 -0.01013 0.00339 -0.00013 0.99994
1706352275.924296141 -0.32193 -0.00382 -0.25585 -0.01003 0.00330 -0.00035 0.99994
1706352275.934296131 -0.32364 -0.00801 -0.25641 -0.00991 0.00318 -0.00059 0.99995
1706352275.944296122 -0.32525 -0.01161 -0.25649 -0.00982 0.00310 -0.00079 0.99995
1706352275.954296350 -0.32655 -0.01345 -0.25580 -0.00977 0.00311 -0.00089 0.99995
1706352275.964296341 -0.32759 -0.01384 -0.25452 -0.00974 0.00316 -0.00093 0.99995
1706352275.974296331 -0.32847 -0.01347 -0.25296 -0.00968 0.00316 -0.00095 0.99995
1706352275.984296322 -0.32927 -0.01289 -0.25141 -0.00955 0.00307 -0.00098 0.99995
1706352275.994296312 -0.33004 -0.01225 -0.25011 -0.00940 0.00290 -0.00105 0.99995
1706352276.004296303 -0.33080 -0.01160 -0.24929 -0.00928 0.00270 -0.00118 0.99995
1706352276.014296293 -0.33161 -0.01098 -0.24910 -0.00924 0.00249 -0.00137 0.99995
1706352276.024296284 -0.33272 -0.01053 -0.24933 -0.00927 0.00231 -0.00163 0.99995
1706352276.034296274 -0.33443 -0.01039 -0.24970 -0.00932 0.00217 -0.00195 0.99995
1706352276.044296265 -0.33689 -0.01063 -0.24998 -0.00937 0.00209 -0.00233 0.99995
1706352276.054296255 -0.33968 -0.01106 -0.25005 -0.00941 0.00206 -0.00274 0.99995
1706352276.064296246 -0.34225 -0.01140 -0.24985 -0.00946 0.00206 -0.00314 0.99995
1706352276.074296236 -0.34418 -0.01146 -0.24939 -0.00950 0.00208 -0.00353 0.99995
1706352276.084296227 -0.34559 -0.01128 -0.24889 -0.00954 0.00212 -0.00389 0.99994
1706352276.094296217 -0.34675 -0.01099 -0.24865 -0.00958 0.00218 -0.00424 0.99994
1706352276.104296207 -0.34787 -0.01070 -0.24892 -0.00963 0.00227 -0.00460 0.99994
1706352276.114296198 -0.34899 -0.01041 -0.24979 -0.00967 0.00237 -0.00496 0.99994
1706352276.124296188 -0.35011 -0.01014 -0.25132 -0.00971 0.00249 -0.00533 0.99994
1706352276.134296179 -0.35123 -0.00991 -0.25351 -0.00975 0.00259 -0.00571 0.99993
1706352276.144296169 -0.35232 -0.00991 -0.25616 -0.00976 0.00267 -0.00610 0.99993
1706352276.154296160 -0.35337 -0.01037 -0.25906 -0.00973 0.00271 -0.00652 0.99993
1706352276.164296150 -0.35438 -0.01140 -0.26194 -0.00966 0.00269 -0.00698 0.99993
1706352276.174296141 -0.35534 -0.01270 -0.26440 -0.00956 0.00266 -0.00745 0.99992
1706352276.184296131 -0.35630 -0.01386 -0.26601 -0.00949 0.00267 -0.00792 0.99992
1706352276.194296122 -0.35725 -0.01456 -0.26647 -0.00946 0.00275 -0.00839 0.99992
1706352276.204296350 -0.35823 -0.01487 -0.26608 -0.00943 0.00290 -0.00887 0.99991
1706352276.214296341 -0.35921 -0.01492 -0.26522 -0.00932 0.00309 -0.00940 0.99991
1706352276.224296331 -0.36021 -0.01486 -0.26430 -0.00908 0.00330 -0.00998 0.99990
1706352276.234296322 -0.36122 -0.01478 -0.26359 -0.00881 0.00350 -0.01060 0.99990
1706352276.244296312 -0.36221 -0.01474 -0.26336 -0.00861 0.00366 -0.01123 0.99989
1706352276.254296303 -0.36320 -0.01482 -0.26378 -0.00859 0.00375 -0.01186 0.99989
1706352276.264296293 -0.36430 -0.01503 -0.26480 -0.00869 0.00375 -0.01248 0.99988
1706352276.274296284 -0.36565 -0.01535 -0.26630 -0.00882 0.00365 -0.01313 0.99987
1706352276.284296274 -0.36731 -0.01577 -0.26809 -0.00891 0.00343 -0.01380 0.99986
1706352276.294296265 -0.36908 -0.01617 -0.26969 -0.00898 0.00317 -0.01450 0.99985
1706352276.304296255 -0.37069 -0.01638 -0.27057 -0.00907 0.00294 -0.01521 0.99984
1706352276.314296246 -0.37194 -0.01632 -0.27032 -0.00918 0.00281 -0.01591 0.99983
1706352276.324296236 -0.37289 -0.01600 -0.26916 -0.00929 0.00277 -0.01661 0.99981
1706352276.334296227 -0.37368 -0.01550 -0.26745 -0.00936 0.00277 -0.01731 0.99980
1706352276.344296217 -0.37443 -0.01486 -0.26552 -0.00933 0.00279 -0.01799 0.99979
1706352276.354296207 -0.37516 -0.01415 -0.26368 -0.00926 0.00282 -0.01868 0.99978
1706352276.364296198 -0.37588 -0.01342 -0.26223 -0.00920 0.00283 -0.01941 0.99977
1706352276.374296188 -0.37663 -0.01270 -0.26142 -0.00918 0.00282 -0.02017 0.99975
1706352276.384296179 -0.37758 -0.01205 -0.26123 -0.00914 0.00275 -0.02098 0.99973
1706352276.394296169 -0.37894 -0.01151 -0.26159 -0.00900 0.00259 -0.02184 0.99972
1706352276.404296160 -0.38081 -0.01111 -0.26235 -0.00873 0.00231 -0.02275 0.99970
1706352276.414296150 -0.38288 -0.01083 -0.26303 -0.00841 0.00199 -0.02364 0.99968
1706352276.424296141 -0.38473 -0.01062 -0.26306 -0.00821 0.00169 -0.02446 0.99967
1706352276.434296131 -0.38603 -0.01045 -0.26203 -0.00822 0.00148 -0.02517 0.99965
1706352276.444296122 -0.38690 -0.01030 -0.26019 -0.00840 0.00133 -0.02579 0.99963
1706352276.454296350 -0.38752 -0.01014 -0.25793 -0.00868 0.00123 -0.02640 0.99961
1706352276.464296341 -0.38807 -0.00995 -0.25561 -0.00897 0.00114 -0.02702 0.99959
1706352276.474296331 -0.38859 -0.00970 -0.25349 -0.00920 0.00108 -0.02767 0.99957
1706352276.484296322 -0.38912 -0.00938 -0.25182 -0.00930 0.00104 -0.02834 0.99955
1706352276.494296312 -0.38976 -0.00899 -0.25089 -0.00923 0.00104 -0.02903 0.99954
1706352276.504296303 -0.39100 -0.00871 -0.25118 -0.00907 0.00113 -0.02975 0.99952
1706352276.514296293 -0.39340 -0.00874 -0.25324 -0.00895 0.00135 -0.03054 0.99949
1706352276.524296284 -0.39724 -0.00915 -0.25725 -0.00895 0.00174 -0.03139 0.99947
1706352276.534296274 -0.40157 -0.00949 -0.26192 -0.00898 0.00216 -0.03227 0.99944
1706352276.544296265 -0.40515 -0.00918 -0.26558 -0.00893 0.00247 -0.03313 0.99941
1706352276.554296255 -0.40703 -0.00781 -0.26697 -0.00874 0.00256 -0.03391 0.99938
1706352276.564296246 -0.40752 -0.00559 -0.26651 -0.00852 0.00249 -0.03463 0.99936
1706352276.574296236 -0.40723 -0.00288 -0.26501 -0.00847 0.00237 -0.03529 0.99934
1706352276.584296227 -0.40667 -0.00000 -0.26322 -0.00869 0.00227 -0.03589 0.99932
1706352276.594296217 -0.40598 0.00300 -0.26152 -0.00904 0.00220 -0.03648 0.99929
1706352276.604296207 -0.40521 0.00616 -0.26023 -0.00932 0.00209 -0.03709 0.99927
1706352276.614296198 -0.40451 0.00929 -0.25947 -0.00937 0.00193 -0.03778 0.99924
1706352276.624296188 -0.40441 0.01146 -0.25868 -0.00927 0.00175 -0.03858 0.99921
1706352276.634296179 -0.40558 0.01156 -0.25713 -0.00911 0.00157 -0.03953 0.99918
1706352276.644296169 -0.40836 0.00895 -0.25435 -0.00899 0.00145 -0.04065 0.99913
1706352276.654296160 -0.41197 0.00501 -0.25086 -0.00891 0.00136 -0.04186 0.99908
1706352276.664296150 -0.41530 0.00162 -0.24745 -0.00886 0.00130 -0.04304 0.99903
1706352276.674296141 -0.41754 0.00021 -0.24474 -0.00881 0.00127 -0.04413 0.99899
1706352276.684296131 -0.41887 0.00045 -0.24276 -0.00873 0.00125 -0.04513 0.99894
1706352276.694296122 -0.41974 0.00155 -0.24136 -0.00856 0.00124 -0.04611 0.99890
1706352276.704296350 -0.42054 0.00285 -0.24045 -0.00830 0.00124 -0.04708 0.99886
1706352276.714296341 -0.42133 0.00415 -0.24007 -0.00803 0.00121 -0.04804 0.99881
1706352276.724296331 -0.42211 0.00537 -0.24033 -0.00788 0.00115 -0.04896 0.99877
1706352276.734296322 -0.42289 0.00637 -0.24128 -0.00794 0.00103 -0.04982 0.99873
1706352276.744296312 -0.42377 0.00682 -0.24281 -0.00816 0.00086 -0.05065 0.99868
1706352276.754296303 -0.42487 0.00631 -0.24479 -0.00846 0.00066 -0.05148 0.99864
1706352276.764296293 -0.42626 0.00468 -0.24700 -0.00875 0.00046 -0.05233 0.99859
1706352276.774296284 -0.42774 0.00256 -0.24890 -0.00902 0.00027 -0.05320 0.99854
1706352276.784296274 -0.42911 0.00083 -0.24988 -0.00924 0.00012 -0.05409 0.99849
1706352276.794296265 -0.43016 0.00014 -0.24952 -0.00939 0.00004 -0.05499 0.99844
1706352276.804296255 -0.43095 0.00032 -0.24827 -0.00945 -0.00003 -0.05590 0.99839
1706352276.814296246 -0.43160 0.00098 -0.24677 -0.00942 -0.00012 -0.05683 0.99834
1706352276.824296236 -0.43219 0.00180 -0.24559 -0.00929 -0.00028 -0.05777 0.99829
1706352276.834296227 -0.43278 0.00265 -0.24488 -0.00913 -0.00045 -0.05873 0.99823
1706352276.844296217 -0.43341 0.00348 -0.24472 -0.00903 -0.00055 -0.05968 0.99818
1706352276.854296207 -0.43418 0.00422 -0.24516 -0.00903 -0.00052 -0.06062 0.99812
1706352276.864296198 -0.43537 0.00475 -0.24622 -0.00906 -0.00042 -0.06156 0.99806
1706352276.874296188 -0.43732 0.00498 -0.24788 -0.00900 -0.00031 -0.06254 0.99800
1706352276.884296179 -0.44020 0.00485 -0.25005 -0.00878 -0.00026 -0.06356 0.99794
1706352276.894296169 -0.44341 0.00455 -0.25213 -0.00851 -0.00025 -0.06461 0.99787
1706352276.904296160 -0.44621 0.00433 -0.25343 -0.00831 -0.00025 -0.06562 0.99781
1706352276.914296150 -0.44800 0.00440 -0.25344 -0.00829 -0.00026 -0.06657 0.99775
1706352276.924296141 -0.44897 0.00472 -0.25248 -0.00839 -0.00027 -0.06749 0.99768
1706352276.934296131 -0.44950 0.00523 -0.25104 -0.00851 -0.00031 -0.06838 0.99762
1706352276.944296122 -0.44990 0.00585 -0.24957 -0.00858 -0.00040 -0.06930 0.99756
1706352276.954296350 -0.45026 0.00658 -0.24832 -0.00856 -0.00050 -0.07023 0.99749
1706352276.964296341 -0.45059 0.00741 -0.24750 -0.00841 -0.00060 -0.07120 0.99743
1706352276.974296331 -0.45105 0.00829 -0.24731 -0.00814 -0.00068 -0.07220 0.99736
1706352276.984296322 -0.45220 0.00902 -0.24787 -0.00788 -0.00072 -0.07322 0.99728
1706352276.994296312 -0.45471 0.00935 -0.24928 -0.00781 -0.00071 -0.07427 0.99721
1706352277.004296303 -0.45895 0.00912 -0.25150 -0.00804 -0.00064 -0.07534 0.99713
1706352277.014296293 -0.46392 0.00865 -0.25379 -0.00844 -0.00055 -0.07639 0.99704
1706352277.024296284 -0.46831 0.00837 -0.25522 -0.00882 -0.00047 -0.07740 0.99696
1706352277.034296274 -0.47113 0.00861 -0.25516 -0.00904 -0.00044 -0.07836 0.99688
1706352277.044296265 -0.47267 0.00931 -0.25393 -0.00911 -0.00047 -0.07930 0.99681
1706352277.054296255 -0.47350 0.01031 -0.25214 -0.00905 -0.00054 -0.08023 0.99674
1706352277.064296246 -0.47414 0.01149 -0.25031 -0.00890 -0.00065 -0.08120 0.99666
1706352277.074296236 -0.47472 0.01277 -0.24872 -0.00867 -0.00080 -0.08220 0.99658
1706352277.084296227 -0.47525 0.01415 -0.24756 -0.00837 -0.00096 -0.08324 0.99649
1706352277.094296217 -0.47589 0.01553 -0.24703 -0.00802 -0.00113 -0.08430 0.99641
1706352277.104296207 -0.47723 0.01664 -0.24727 -0.00774 -0.00123 -0.08539 0.99632
1706352277.114296198 -0.47998 0.01717 -0.24840 -0.00768 -0.00121 -0.08651 0.99622
1706352277.124296188 -0.48450 0.01692 -0.25037 -0.00794 -0.00102 -0.08764 0.99612
1706352277.134296179 -0.48979 0.01625 -0.25239 -0.00835 -0.00075 -0.08878 0.99602
1706352277.144296169 -0.49454 0.01564 -0.25347 -0.00869 -0.00053 -0.08990 0.99591
1706352277.154296160 -0.49773 0.01546 -0.25289 -0.00881 -0.00048 -0.09098 0.99581
1706352277.164296150 -0.49962 0.01565 -0.25100 -0.00874 -0.00058 -0.09206 0.99572
1706352277.174296141 -0.50081 0.01603 -0.24841 -0.00857 -0.00079 -0.09315 0.99562
1706352277.184296131 -0.50181 0.01646 -0.24565 -0.00838 -0.00109 -0.09428 0.99551
1706352277.194296122 -0.50275 0.01690 -0.24302 -0.00817 -0.00141 -0.09543 0.99540
1706352277.204296350 -0.50368 0.01736 -0.24073 -0.00794 -0.00170 -0.09660 0.99529
1706352277.214296341 -0.50471 0.01785 -0.23908 -0.00768 -0.00191 -0.09775 0.99518
1706352277.224296331 -0.50611 0.01828 -0.23855 -0.00746 -0.00202 -0.09888 0.99507
1706352277.234296322 -0.50821 0.01859 -0.23972 -0.00739 -0.00201 -0.09996 0.99496
1706352277.244296312 -0.51116 0.01873 -0.24277 -0.00753 -0.00188 -0.10099 0.99486
1706352277.254296303 -0.51441 0.01871 -0.24635 -0.00782 -0.00169 -0.10198 0.99475
1706352277.264296293 -0.51723 0.01859 -0.24873 -0.00817 -0.00152 -0.10296 0.99465
1706352277.274296284 -0.51908 0.01841 -0.24866 -0.00851 -0.00141 -0.10394 0.99455
1706352277.284296274 -0.52014 0.01825 -0.24681 -0.00875 -0.00137 -0.10495 0.99444
1706352277.294296265 -0.52076 0.01816 -0.24430 -0.00881 -0.00140 -0.10598 0.99433
1706352277.304296255 -0.52127 0.01821 -0.24210 -0.00863 -0.00147 -0.10704 0.99422
1706352277.314296246 -0.52173 0.01835 -0.24044 -0.00827 -0.00158 -0.10814 0.99410
1706352277.324296236 -0.52216 0.01855 -0.23934 -0.00784 -0.00171 -0.10926 0.99398
1706352277.334296227 -0.52271 0.01879 -0.23889 -0.00742 -0.00183 -0.11040 0.99386
1706352277.344296217 -0.52388 0.01924 -0.23935 -0.00709 -0.00188 -0.11155 0.99373
1706352277.354296207 -0.52633 0.02009 -0.24100 -0.00691 -0.00180 -0.11272 0.99360
1706352277.364296198 -0.53040 0.02145 -0.24388 -0.00693 -0.00155 -0.11389 0.99347
1706352277.374296188 -0.53529 0.02307 -0.24693 -0.00710 -0.00122 -0.11505 0.99333
1706352277.384296179 -0.53994 0.02461 -0.24884 -0.00737 -0.00090 -0.11617 0.99320
1706352277.394296169 -0.54351 0.02584 -0.24868 -0.00767 -0.00069 -0.11724 0.99307
1706352277.404296160 -0.54619 0.02683 -0.24708 -0.00791 -0.00059 -0.11827 0.99295
1706352277.414296150 -0.54839 0.02779 -0.24505 -0.00799 -0.00057 -0.11930 0.99283
1706352277.424296141 -0.55049 0.02885 -0.24345 -0.00784 -0.00061 -0.12034 0.99270
1706352277.434296131 -0.55255 0.02999 -0.24246 -0.00756 -0.00073 -0.12139 0.99258
1706352277.444296122 -0.55458 0.03113 -0.24211 -0.00727 -0.00094 -0.12243 0.99245
1706352277.454296350 -0.55662 0.03220 -0.24244 -0.00706 -0.00122 -0.12343 0.99233
1706352277.464296341 -0.55885 0.03317 -0.24367 -0.00703 -0.00150 -0.12442 0.99220
1706352277.474296331 -0.56151 0.03400 -0.24606 -0.00723 -0.00167 -0.12540 0.99208
1706352277.484296322 -0.56471 0.03467 -0.24960 -0.00770 -0.00168 -0.12638 0.99195
1706352277.494296312 -0.56814 0.03521 -0.25334 -0.00831 -0.00159 -0.12739 0.99182
1706352277.504296303 -0.57136 0.03570 -0.25604 -0.00892 -0.00148 -0.12845 0.99168
1706352277.514296293 -0.57406 0.03618 -0.25684 -0.00937 -0.00143 -0.12956 0.99153
1706352277.524296284 -0.57632 0.03677 -0.25613 -0.00951 -0.00145 -0.13075 0.99137
1706352277.534296274 -0.57831 0.03759 -0.25468 -0.00917 -0.00152 -0.13204 0.99120
1706352277.544296265 -0.58019 0.03870 -0.25314 -0.00828 -0.00161 -0.13343 0.99102
1706352277.554296255 -0.58202 0.03992 -0.25181 -0.00719 -0.00174 -0.13487 0.99084
1706352277.564296246 -0.58383 0.04102 -0.25092 -0.00635 -0.00191 -0.13631 0.99064
1706352277.574296236 -0.58568 0.04182 -0.25065 -0.00609 -0.00210 -0.13770 0.99045
1706352277.584296227 -0.58763 0.04242 -0.25101 -0.00632 -0.00225 -0.13903 0.99027
1706352277.594296217 -0.58978 0.04296 -0.25193 -0.00685 -0.00227 -0.14030 0.99008
1706352277.604296207 -0.59214 0.04359 -0.25327 -0.00747 -0.00212 -0.14152 0.98991
1706352277.614296198 -0.59452 0.04432 -0.25453 -0.00793 -0.00190 -0.14274 0.98973
1706352277.624296188 -0.59667 0.04514 -0.25513 -0.00801 -0.00176 -0.14401 0.98954
1706352277.634296179 -0.59842 0.04601 -0.25463 -0.00755 -0.00180 -0.14536 0.98935
1706352277.644296169 -0.59987 0.04678 -0.25327 -0.00689 -0.00196 -0.14675 0.98915
1706352277.654296160 -0.60120 0.04729 -0.25147 -0.00647 -0.00212 -0.14808 0.98895
1706352277.664296150 -0.60257 0.04743 -0.24962 -0.00662 -0.00222 -0.14932 0.98876
1706352277.674296141 -0.60398 0.04733 -0.24794 -0.00711 -0.00225 -0.15047 0.98859
1706352277.684296131 -0.60540 0.04722 -0.24666 -0.00762 -0.00224 -0.15160 0.98841
1706352277.694296122 -0.60683 0.04724 -0.24596 -0.00790 -0.00221 -0.15274 0.98823
1706352277.704296350 -0.60838 0.04742 -0.24599 -0.00800 -0.00218 -0.15392 0.98805
1706352277.714296341 -0.61019 0.04773 -0.24689 -0.00806 -0.00214 -0.15516 0.98785
1706352277.724296331 -0.61232 0.04814 -0.24864 -0.00816 -0.00210 -0.15646 0.98765
1706352277.734296322 -0.61456 0.04861 -0.25057 -0.00821 -0.00210 -0.15784 0.98743
1706352277.744296312 -0.61659 0.04909 -0.25188 -0.00807 -0.00216 -0.15926 0.98720
1706352277.754296303 -0.61821 0.04953 -0.25195 -0.00766 -0.00231 -0.16072 0.98697
1706352277.764296293 -0.61954 0.04984 -0.25099 -0.00720 -0.00247 -0.16217 0.98673
1706352277.774296284 -0.62079 0.04992 -0.24940 -0.00695 -0.00253 -0.16357 0.98650
1706352277.784296274 -0.62212 0.04971 -0.24756 -0.00712 -0.00242 -0.16489 0.98628
1706352277.794296265 -0.62350 0.04933 -0.24580 -0.00754 -0.00223 -0.16617 0.98607
1706352277.804296255 -0.62485 0.04895 -0.24439 -0.00796 -0.00204 -0.16745 0.98585
1706352277.814296246 -0.62614 0.04872 -0.24361 -0.00815 -0.00196 -0.16878 0.98562
1706352277.824296236 -0.62745 0.04888 -0.24361 -0.00809 -0.00191 -0.17018 0.98538
1706352277.834296227 -0.62891 0.04967 -0.24454 -0.00777 -0.00183 -0.17166 0.98512
1706352277.844296217 -0.63057 0.05119 -0.24634 -0.00721 -0.00165 -0.17323 0.98485
1706352277.854296207 -0.63233 0.05304 -0.24834 -0.00656 -0.00142 -0.17482 0.98458
1706352277.864296198 -0.63401 0.05467 -0.24969 -0.00598 -0.00122 -0.17640 0.98430
1706352277.874296188 -0.63550 0.05566 -0.24975 -0.00564 -0.00111 -0.17791 0.98403
1706352277.884296179 -0.63682 0.05606 -0.24882 -0.00560 -0.00110 -0.17937 0.98377
1706352277.894296169 -0.63807 0.05604 -0.24741 -0.00592 -0.00119 -0.18079 0.98350
1706352277.904296160 -0.63931 0.05579 -0.24599 -0.00659 -0.00138 -0.18220 0.98324
1706352277.914296150 -0.64057 0.05546 -0.24474 -0.00743 -0.00156 -0.18362 0.98297
1706352277.924296141 -0.64188 0.05520 -0.24379 -0.00816 -0.00163 -0.18507 0.98269
1706352277.934296131 -0.64324 0.05518 -0.24324 -0.00860 -0.00153 -0.18656 0.98240
1706352277.944296122 -0.64459 0.05563 -0.24303 -0.00871 -0.00136 -0.18809 0.98211
1706352277.954296350 -0.64587 0.05683 -0.24304 -0.00853 -0.00125 -0.18963 0.98182
1706352277.964296341 -0.64703 0.05889 -0.24316 -0.00812 -0.00130 -0.19116 0.98152
1706352277.974296331 -0.64808 0.06133 -0.24312 -0.00761 -0.00148 -0.19268 0.98123
1706352277.984296322 -0.64906 0.06356 -0.24266 -0.00719 -0.00172 -0.19419 0.98094
1706352277.994296312 -0.64999 0.06510 -0.24161 -0.00697 -0.00193 -0.19568 0.98064
1706352278.004296303 -0.65092 0.06607 -0.24024 -0.00698 -0.00211 -0.19713 0.98035
1706352278.014296293 -0.65187 0.06669 -0.23893 -0.00716 -0.00222 -0.19853 0.98007
1706352278.024296284 -0.65287 0.06719 -0.23800 -0.00749 -0.00227 -0.19987 0.97979
1706352278.034296274 -0.65391 0.06767 -0.23756 -0.00785 -0.00225 -0.20118 0.97952
1706352278.044296265 -0.65496 0.06820 -0.23762 -0.00813 -0.00218 -0.20252 0.97924
1706352278.054296255 -0.65599 0.06884 -0.23825 -0.00825 -0.00210 -0.20392 0.97895
1706352278.064296246 -0.65701 0.06956 -0.23967 -0.00822 -0.00204 -0.20539 0.97864
1706352278.074296236 -0.65806 0.07031 -0.24212 -0.00806 -0.00205 -0.20692 0.97832
1706352278.084296227 -0.65913 0.07104 -0.24562 -0.00780 -0.00216 -0.20851 0.97799
1706352278.094296217 -0.66019 0.07169 -0.24924 -0.00752 -0.00232 -0.21014 0.97764
1706352278.104296207 -0.66119 0.07221 -0.25185 -0.00726 -0.00246 -0.21176 0.97729
1706352278.114296198 -0.66208 0.07256 -0.25260 -0.00710 -0.00254 -0.21336 0.97694
1706352278.124296188 -0.66290 0.07274 -0.25190 -0.00703 -0.00257 -0.21493 0.97660
1706352278.134296179 -0.66366 0.07277 -0.25044 -0.00704 -0.00260 -0.21648 0.97626
1706352278.144296169 -0.66440 0.07267 -0.24885 -0.00711 -0.00267 -0.21801 0.97592
1706352278.154296160 -0.66512 0.07248 -0.24742 -0.00724 -0.00278 -0.21953 0.97557
1706352278.164296150 -0.66581 0.07224 -0.24637 -0.00742 -0.00291 -0.22106 0.97523
1706352278.174296141 -0.66650 0.07200 -0.24584 -0.00763 -0.00306 -0.22260 0.97487
1706352278.184296131 -0.66725 0.07181 -0.24571 -0.00783 -0.00319 -0.22417 0.97451
1706352278.194296122 -0.66815 0.07175 -0.24580 -0.00800 -0.00323 -0.22576 0.97414
1706352278.204296350 -0.66921 0.07184 -0.24592 -0.00811 -0.00317 -0.22738 0.97377
1706352278.214296341 -0.67028 0.07196 -0.24594 -0.00815 -0.00305 -0.22902 0.97338
1706352278.224296331 -0.67111 0.07198 -0.24572 -0.00811 -0.00293 -0.23068 0.97299
1706352278.234296322 -0.67155 0.07176 -0.24519 -0.00800 -0.00288 -0.23237 0.97259
1706352278.244296312 -0.67170 0.07136 -0.24456 -0.00785 -0.00284 -0.23406 0.97219
1706352278.254296303 -0.67171 0.07084 -0.24411 -0.00771 -0.00279 -0.23576 0.97178
1706352278.264296293 -0.67171 0.07028 -0.24407 -0.00762 -0.00268 -0.23744 0.97137
1706352278.274296284 -0.67172 0.06970 -0.24451 -0.00753 -0.00253 -0.23912 0.97096
1706352278.284296274 -0.67171 0.06915 -0.24547 -0.00740 -0.00237 -0.24080 0.97054
1706352278.294296265 -0.67169 0.06869 -0.24690 -0.00720 -0.00222 -0.24249 0.97012
1706352278.304296255 -0.67170 0.06856 -0.24852 -0.00698 -0.00210 -0.24419 0.96970
1706352278.314296246 -0.67181 0.06904 -0.24997 -0.00685 -0.00206 -0.24589 0.96927
1706352278.324296236 -0.67205 0.07027 -0.25095 -0.00684 -0.00209 -0.24758 0.96884
1706352278.334296227 -0.67235 0.07186 -0.25138 -0.00692 -0.00215 -0.24925 0.96841
1706352278.344296217 -0.67260 0.07331 -0.25123 -0.00703 -0.00218 -0.25091 0.96798
1706352278.354296207 -0.67271 0.07421 -0.25052 -0.00710 -0.00214 -0.25255 0.96755
1706352278.364296198 -0.67270 0.07469 -0.24941 -0.00713 -0.00207 -0.25418 0.96713
1706352278.374296188 -0.67261 0.07500 -0.24812 -0.00709 -0.00201 -0.25582 0.96670
1706352278.384296179 -0.67246 0.07534 -0.24683 -0.00700 -0.00200 -0.25747 0.96626
1706352278.394296169 -0.67229 0.07572 -0.24573 -0.00691 -0.00202 -0.25913 0.96582
1706352278.404296160 -0.67213 0.07609 -0.24500 -0.00687 -0.00203 -0.26081 0.96536
1706352278.414296150 -0.67198 0.07641 -0.24475 -0.00694 -0.00201 -0.26249 0.96491
1706352278.424296141 -0.67179 0.07671 -0.24500 -0.00708 -0.00197 -0.26418 0.96444
1706352278.434296131 -0.67146 0.07701 -0.24568 -0.00722 -0.00197 -0.26588 0.96398
1706352278.444296122 -0.67096 0.07730 -0.24669 -0.00731 -0.00204 -0.26758 0.96351
1706352278.454296350 -0.67034 0.07758 -0.24765 -0.00737 -0.00214 -0.26930 0.96303
1706352278.464296341 -0.66970 0.07781 -0.24813 -0.00744 -0.00223 -0.27103 0.96254
1706352278.474296331 -0.66910 0.07796 -0.24780 -0.00752 -0.00230 -0.27279 0.96204
1706352278.484296322 -0.66853 0.07808 -0.24684 -0.00755 -0.00235 -0.27455 0.96154
1706352278.494296312 -0.66794 0.07823 -0.24553 -0.00743 -0.00242 -0.27631 0.96104
1706352278.504296303 -0.66729 0.07842 -0.24416 -0.00711 -0.00252 -0.27804 0.96054
1706352278.514296293 -0.66662 0.07863 -0.24293 -0.00672 -0.00265 -0.27976 0.96004
1706352278.524296284 -0.66595 0.07877 -0.24206 -0.00643 -0.00277 -0.28147 0.95954
1706352278.534296274 -0.66535 0.07883 -0.24172 -0.00637 -0.00286 -0.28318 0.95904
1706352278.544296265 -0.66495 0.07895 -0.24194 -0.00649 -0.00292 -0.28488 0.95854
1706352278.554296255 -0.66489 0.07929 -0.24275 -0.00669 -0.00294 -0.28656 0.95804
1706352278.564296246 -0.66526 0.07997 -0.24404 -0.00687 -0.00291 -0.28821 0.95754
1706352278.574296236 -0.66584 0.08078 -0.24535 -0.00698 -0.00284 -0.28986 0.95704
1706352278.584296227 -0.66637 0.08145 -0.24610 -0.00697 -0.00278 -0.29153 0.95653
1706352278.594296217 -0.66663 0.08178 -0.24588 -0.00683 -0.00272 -0.29321 0.95602
1706352278.604296207 -0.66670 0.08179 -0.24492 -0.00666 -0.00267 -0.29494 0.95549
1706352278.614296198 -0.66670 0.08155 -0.24358 -0.00661 -0.00264 -0.29671 0.95494
1706352278.624296188 -0.66673 0.08116 -0.24220 -0.00677 -0.00260 -0.29852 0.95438
1706352278.634296179 -0.66680 0.08071 -0.24101 -0.00702 -0.00256 -0.30036 0.95380
1706352278.644296169 -0.66686 0.08026 -0.24016 -0.00723 -0.00253 -0.30220 0.95321
1706352278.654296160 -0.66688 0.07990 -0.23980 -0.00727 -0.00250 -0.30402 0.95263
1706352278.664296150 -0.66680 0.07969 -0.23989 -0.00717 -0.00248 -0.30585 0.95205
1706352278.674296141 -0.66652 0.07967 -0.24035 -0.00700 -0.00248 -0.30770 0.95146
1706352278.684296131 -0.66601 0.07988 -0.24108 -0.00681 -0.00251 -0.30958 0.95085
1706352278.694296122 -0.66541 0.08018 -0.24178 -0.00663 -0.00255 -0.31148 0.95023
1706352278.704296350 -0.66492 0.08044 -0.24213 -0.00648 -0.00259 -0.31337 0.94961
1706352278.714296341 -0.66467 0.08052 -0.24191 -0.00639 -0.00260 -0.31522 0.94899
1706352278.724296331 -0.66463 0.08046 -0.24127 -0.00636 -0.00260 -0.31703 0.94839
1706352278.734296322 -0.66473 0.08031 -0.24045 -0.00639 -0.00257 -0.31882 0.94779
1706352278.744296312 -0.66489 0.08012 -0.23971 -0.00647 -0.00254 -0.32059 0.94719
1706352278.754296303 -0.66507 0.07994 -0.23919 -0.00658 -0.00251 -0.32236 0.94659
1706352278.764296293 -0.66524 0.07979 -0.23907 -0.00665 -0.00251 -0.32415 0.94598
1706352278.774296284 -0.66534 0.07968 -0.23941 -0.00666 -0.00253 -0.32598 0.94535
1706352278.784296274 -0.66530 0.07958 -0.23996 -0.00663 -0.00260 -0.32784 0.94471
1706352278.794296265 -0.66502 0.07945 -0.24041 -0.00660 -0.00269 -0.32974 0.94404
1706352278.804296255 -0.66446 0.07926 -0.24048 -0.00659 -0.00281 -0.33167 0.94337
1706352278.814296246 -0.66378 0.07898 -0.24018 -0.00659 -0.00293 -0.33362 0.94268
1706352278.824296236 -0.66318 0.07862 -0.23959 -0.00660 -0.00300 -0.33556 0.94199
1706352278.834296227 -0.66282 0.07818 -0.23881 -0.00659 -0.00302 -0.33748 0.94131
1706352278.844296217 -0.66263 0.07767 -0.23805 -0.00657 -0.00301 -0.33940 0.94061
1706352278.854296207 -0.66250 0.07713 -0.23754 -0.00655 -0.00303 -0.34134 0.93991
1706352278.864296198 -0.66236 0.07659 -0.23748 -0.00653 -0.00310 -0.34331 0.93919
1706352278.874296188 -0.66220 0.07603 -0.23788 -0.00653 -0.00319 -0.34529 0.93847
1706352278.884296179 -0.66207 0.07545 -0.23876 -0.00658 -0.00327 -0.34725 0.93774
1706352278.894296169 -0.66199 0.07491 -0.24007 -0.00668 -0.00328 -0.34917 0.93703
1706352278.904296160 -0.66188 0.07488 -0.24164 -0.00680 -0.00327 -0.35106 0.93632
1706352278.914296150 -0.66168 0.07588 -0.24324 -0.00688 -0.00326 -0.35292 0.93562
1706352278.924296141 -0.66133 0.07819 -0.24466 -0.00688 -0.00329 -0.35476 0.93493
1706352278.934296131 -0.66092 0.08108 -0.24569 -0.00685 -0.00333 -0.35659 0.93423
1706352278.944296122 -0.66055 0.08352 -0.24614 -0.00687 -0.00335 -0.35844 0.93352
1706352278.954296350 -0.66032 0.08476 -0.24587 -0.00699 -0.00331 -0.36030 0.93280
1706352278.964296341 -0.66018 0.08504 -0.24511 -0.00715 -0.00325 -0.36217 0.93208
1706352278.974296331 -0.66009 0.08485 -0.24414 -0.00728 -0.00318 -0.36403 0.93135
1706352278.984296322 -0.66000 0.08458 -0.24323 -0.00732 -0.00313 -0.36588 0.93063
1706352278.994296312 -0.65991 0.08431 -0.24255 -0.00731 -0.00309 -0.36772 0.92990
1706352279.004296303 -0.65983 0.08403 -0.24222 -0.00730 -0.00303 -0.36957 0.92917
1706352279.014296293 -0.65975 0.08374 -0.24233 -0.00733 -0.00295 -0.37142 0.92843
1706352279.024296284 -0.65958 0.08356 -0.24269 -0.00734 -0.00288 -0.37329 0.92768
1706352279.034296274 -0.65920 0.08360 -0.24307 -0.00729 -0.00285 -0.37520 0.92691
1706352279.044296265 -0.65853 0.08392 -0.24325 -0.00712 -0.00290 -0.37714 0.92612
1706352279.054296255 -0.65775 0.08436 -0.24315 -0.00690 -0.00298 -0.37910 0.92533
1706352279.064296246 -0.65707 0.08473 -0.24270 -0.00668 -0.00302 -0.38103 0.92454
1706352279.074296236 -0.65665 0.08486 -0.24190 -0.00655 -0.00296 -0.38290 0.92376
1706352279.084296227 -0.65644 0.08478 -0.24091 -0.00650 -0.00283 -0.38474 0.92300
1706352279.094296217 -0.65634 0.08457 -0.23998 -0.00654 -0.00269 -0.38656 0.92224
1706352279.104296207 -0.65627 0.08433 -0.23928 -0.00664 -0.00258 -0.38839 0.92147
1706352279.114296198 -0.65619 0.08407 -0.23893 -0.00677 -0.00249 -0.39023 0.92069
1706352279.124296188 -0.65610 0.08383 -0.23899 -0.00687 -0.00242 -0.39208 0.91990
1706352279.134296179 -0.65598 0.08365 -0.23949 -0.00689 -0.00236 -0.39395 0.91910
1706352279.144296169 -0.65577 0.08361 -0.24023 -0.00685 -0.00234 -0.39583 0.91830
1706352279.154296160 -0.65541 0.08379 -0.24098 -0.00676 -0.00240 -0.39770 0.91749
1706352279.164296150 -0.65487 0.08424 -0.24154 -0.00663 -0.00255 -0.39957 0.91668
1706352279.174296141 -0.65429 0.08479 -0.24172 -0.00652 -0.00271 -0.40143 0.91586
1706352279.184296131 -0.65384 0.08521 -0.24138 -0.00646 -0.00279 -0.40328 0.91505
1706352279.194296122 -0.65364 0.08534 -0.24043 -0.00647 -0.00274 -0.40514 0.91423
1706352279.204296350 -0.65360 0.08528 -0.23913 -0.00645 -0.00262 -0.40699 0.91340
1706352279.214296341 -0.65357 0.08516 -0.23778 -0.00628 -0.00255 -0.40886 0.91257
1706352279.224296331 -0.65347 0.08510 -0.23667 -0.00591 -0.00261 -0.41074 0.91173
1706352279.234296322 -0.65334 0.08504 -0.23591 -0.00548 -0.00275 -0.41261 0.91089
1706352279.244296312 -0.65326 0.08489 -0.23558 -0.00524 -0.00288 -0.41446 0.91005
1706352279.254296303 -0.65330 0.08462 -0.23570 -0.00532 -0.00293 -0.41627 0.90922
1706352279.264296293 -0.65336 0.08439 -0.23609 -0.00561 -0.00292 -0.41805 0.90840
1706352279.274296284 -0.65329 0.08444 -0.23651 -0.00592 -0.00290 -0.41983 0.90758
1706352279.284296274 -0.65299 0.08492 -0.23674 -0.00611 -0.00290 -0.42162 0.90675
1706352279.294296265 -0.65257 0.08563 -0.23666 -0.00617 -0.00291 -0.42343 0.90590
1706352279.304296255 -0.65217 0.08629 -0.23619 -0.00615 -0.00293 -0.42524 0.90506
1706352279.314296246 -0.65189 0.08672 -0.23530 -0.00608 -0.00295 -0.42704 0.90421
1706352279.324296236 -0.65171 0.08693 -0.23421 -0.00597 -0.00296 -0.42884 0.90335
1706352279.334296227 -0.65160 0.08705 -0.23321 -0.00584 -0.00296 -0.43063 0.90250
1706352279.344296217 -0.65152 0.08715 -0.23255 -0.00571 -0.00294 -0.43241 0.90166
1706352279.354296207 -0.65145 0.08724 -0.23229 -0.00560 -0.00290 -0.43418 0.90080
1706352279.364296198 -0.65141 0.08733 -0.23247 -0.00552 -0.00285 -0.43596 0.89995
1706352279.374296188 -0.65137 0.08741 -0.23309 -0.00548 -0.00278 -0.43775 0.89908
1706352279.384296179 -0.65132 0.08749 -0.23418 -0.00543 -0.00274 -0.43955 0.89820
1706352279.394296169 -0.65124 0.08758 -0.23572 -0.00532 -0.00276 -0.44135 0.89731
1706352279.404296160 -0.65109 0.08770 -0.23774 -0.00512 -0.00287 -0.44315 0.89643
1706352279.414296150 -0.65095 0.08781 -0.24020 -0.00493 -0.00300 -0.44492 0.89555
1706352279.424296141 -0.65090 0.08786 -0.24309 -0.00488 -0.00305 -0.44666 0.89468
1706352279.434296131 -0.65098 0.08782 -0.24641 -0.00506 -0.00296 -0.44838 0.89383
1706352279.444296122 -0.65111 0.08776 -0.25017 -0.00533 -0.00283 -0.45008 0.89297
1706352279.454296350 -0.65119 0.08772 -0.25439 -0.00551 -0.00278 -0.45179 0.89210
1706352279.464296341 -0.65114 0.08775 -0.25909 -0.00548 -0.00287 -0.45352 0.89122
1706352279.474296331 -0.65106 0.08781 -0.26423 -0.00539 -0.00298 -0.45527 0.89033
